11111111
11000000
10000000
01000000
00000000
00111111
01111111
10111111
11111110
11000001
10000001
01000001
00000001
00111110
01111110
10111110
11111101
11000010
10000010
01000010
00000010
00111101
01111101
10111101
11111100
11000011
10000011
01000011
00000011
00111100
01111100
10111100
11111011
11000100
10000100
01000100
00000100
00111011
01111011
10111011
11111010
11000101
10000101
01000101
00000101
00111010
01111010
10111010
11111001
11000110
10000110
01000110
00000110
00111001
01111001
10111001
11111000
11000111
10000111
01000111
00000111
00111000
01111000
10111000
11110111
11001000
10001000
01001000
00001000
00110111
01110111
10110111
11110110
11001001
10001001
01001001
00001001
00110110
01110110
10110110
11110101
11001010
10001010
01001010
00001010
00110101
01110101
10110101
11110100
11001011
10001011
01001011
00001011
00110100
01110100
10110100
11110011
11001100
10001100
01001100
00001100
00110011
01110011
10110011
11110010
11001101
10001101
01001101
00001101
00110010
01110010
10110010
11110001
11001110
10001110
01001110
00001110
00110001
01110001
10110001
11110000
11001111
10001111
01001111
00001111
00110000
01110000
10110000
11101111
11010000
10010000
01010000
00010000
00101111
01101111
10101111
11101110
11010001
10010001
01010001
00010001
00101110
01101110
10101110
11101101
11010010
10010010
01010010
00010010
00101101
01101101
10101101
11101100
11010011
10010011
01010011
00010011
00101100
01101100
10101100
11101011
11010100
10010100
01010100
00010100
00101011
01101011
10101011
11101010
11010101
10010101
01010101
00010101
00101010
01101010
10101010
11101001
11010110
10010110
01010110
00010110
00101001
01101001
10101001
11101000
11010111
10010111
01010111
00010111
00101000
01101000
10101000
11100111
11011000
10011000
01011000
00011000
00100111
01100111
10100111
11100110
11011001
10011001
01011001
00011001
00100110
01100110
10100110
11100101
11011010
10011010
01011010
00011010
00100101
01100101
10100101
11100100
11011011
10011011
01011011
00011011
00100100
01100100
10100100
11100011
11011100
10011100
01011100
00011100
00100011
01100011
10100011
11100010
11011101
10011101
01011101
00011101
00100010
01100010
10100010
11100001
11011110
10011110
01011110
00011110
00100001
01100001
10100001
11100000
11011111
10011111
01011111
00011111
00100000
01100000
10100000
11011111
11100000
10100000
01100000
00100000
00011111
01011111
10011111
11011110
11100001
10100001
01100001
00100001
00011110
01011110
10011110
11011101
11100010
10100010
01100010
00100010
00011101
01011101
10011101
11011100
11100011
10100011
01100011
00100011
00011100
01011100
10011100
11011011
11100100
10100100
01100100
00100100
00011011
01011011
10011011
11011010
11100101
10100101
01100101
00100101
00011010
01011010
10011010
11011001
11100110
10100110
01100110
00100110
00011001
01011001
10011001
11011000
11100111
10100111
01100111
00100111
00011000
01011000
10011000
11010111
11101000
10101000
01101000
00101000
00010111
01010111
10010111
11010110
11101001
10101001
01101001
00101001
00010110
01010110
10010110
11010101
11101010
10101010
01101010
00101010
00010101
01010101
10010101
11010100
11101011
10101011
01101011
00101011
00010100
01010100
10010100
11010011
11101100
10101100
01101100
00101100
00010011
01010011
10010011
11010010
11101101
10101101
01101101
00101101
00010010
01010010
10010010
11010001
11101110
10101110
01101110
00101110
00010001
01010001
10010001
11010000
11101111
10101111
01101111
00101111
00010000
01010000
10010000
11001111
11110000
10110000
01110000
00110000
00001111
01001111
10001111
11001110
11110001
10110001
01110001
00110001
00001110
01001110
10001110
11001101
11110010
10110010
01110010
00110010
00001101
01001101
10001101
11001100
11110011
10110011
01110011
00110011
00001100
01001100
10001100
11001011
11110100
10110100
01110100
00110100
00001011
01001011
10001011
11001010
11110101
10110101
01110101
00110101
00001010
01001010
10001010
11001001
11110110
10110110
01110110
00110110
00001001
01001001
10001001
11001000
11110111
10110111
01110111
00110111
00001000
01001000
10001000
11000111
11111000
10111000
01111000
00111000
00000111
01000111
10000111
11000110
11111001
10111001
01111001
00111001
00000110
01000110
10000110
11000101
11111010
10111010
01111010
00111010
00000101
01000101
10000101
11000100
11111011
10111011
01111011
00111011
00000100
01000100
10000100
11000011
11111100
10111100
01111100
00111100
00000011
01000011
10000011
11000010
11111101
10111101
01111101
00111101
00000010
01000010
10000010
11000001
11111110
10111110
01111110
00111110
00000001
01000001
10000001
11000000
11111111
10111111
01111111
00111111
00000000
01000000
10000000
10111111
11111111
11000000
10000000
01000000
00000000
00111111
01111111
10111110
11111110
11000001
10000001
01000001
00000001
00111110
01111110
10111101
11111101
11000010
10000010
01000010
00000010
00111101
01111101
10111100
11111100
11000011
10000011
01000011
00000011
00111100
01111100
10111011
11111011
11000100
10000100
01000100
00000100
00111011
01111011
10111010
11111010
11000101
10000101
01000101
00000101
00111010
01111010
10111001
11111001
11000110
10000110
01000110
00000110
00111001
01111001
10111000
11111000
11000111
10000111
01000111
00000111
00111000
01111000
10110111
11110111
11001000
10001000
01001000
00001000
00110111
01110111
10110110
11110110
11001001
10001001
01001001
00001001
00110110
01110110
10110101
11110101
11001010
10001010
01001010
00001010
00110101
01110101
10110100
11110100
11001011
10001011
01001011
00001011
00110100
01110100
10110011
11110011
11001100
10001100
01001100
00001100
00110011
01110011
10110010
11110010
11001101
10001101
01001101
00001101
00110010
01110010
10110001
11110001
11001110
10001110
01001110
00001110
00110001
01110001
10110000
11110000
11001111
10001111
01001111
00001111
00110000
01110000
10101111
11101111
11010000
10010000
01010000
00010000
00101111
01101111
10101110
11101110
11010001
10010001
01010001
00010001
00101110
01101110
10101101
11101101
11010010
10010010
01010010
00010010
00101101
01101101
10101100
11101100
11010011
10010011
01010011
00010011
00101100
01101100
10101011
11101011
11010100
10010100
01010100
00010100
00101011
01101011
10101010
11101010
11010101
10010101
01010101
00010101
00101010
01101010
10101001
11101001
11010110
10010110
01010110
00010110
00101001
01101001
10101000
11101000
11010111
10010111
01010111
00010111
00101000
01101000
10100111
11100111
11011000
10011000
01011000
00011000
00100111
01100111
10100110
11100110
11011001
10011001
01011001
00011001
00100110
01100110
10100101
11100101
11011010
10011010
01011010
00011010
00100101
01100101
10100100
11100100
11011011
10011011
01011011
00011011
00100100
01100100
10100011
11100011
11011100
10011100
01011100
00011100
00100011
01100011
10100010
11100010
11011101
10011101
01011101
00011101
00100010
01100010
10100001
11100001
11011110
10011110
01011110
00011110
00100001
01100001
10100000
11100000
11011111
10011111
01011111
00011111
00100000
01100000
10011111
11011111
11100000
10100000
01100000
00100000
00011111
01011111
10011110
11011110
11100001
10100001
01100001
00100001
00011110
01011110
10011101
11011101
11100010
10100010
01100010
00100010
00011101
01011101
10011100
11011100
11100011
10100011
01100011
00100011
00011100
01011100
10011011
11011011
11100100
10100100
01100100
00100100
00011011
01011011
10011010
11011010
11100101
10100101
01100101
00100101
00011010
01011010
10011001
11011001
11100110
10100110
01100110
00100110
00011001
01011001
10011000
11011000
11100111
10100111
01100111
00100111
00011000
01011000
10010111
11010111
11101000
10101000
01101000
00101000
00010111
01010111
10010110
11010110
11101001
10101001
01101001
00101001
00010110
01010110
10010101
11010101
11101010
10101010
01101010
00101010
00010101
01010101
10010100
11010100
11101011
10101011
01101011
00101011
00010100
01010100
10010011
11010011
11101100
10101100
01101100
00101100
00010011
01010011
10010010
11010010
11101101
10101101
01101101
00101101
00010010
01010010
10010001
11010001
11101110
10101110
01101110
00101110
00010001
01010001
10010000
11010000
11101111
10101111
01101111
00101111
00010000
01010000
10001111
11001111
11110000
10110000
01110000
00110000
00001111
01001111
10001110
11001110
11110001
10110001
01110001
00110001
00001110
01001110
10001101
11001101
11110010
10110010
01110010
00110010
00001101
01001101
10001100
11001100
11110011
10110011
01110011
00110011
00001100
01001100
10001011
11001011
11110100
10110100
01110100
00110100
00001011
01001011
10001010
11001010
11110101
10110101
01110101
00110101
00001010
01001010
10001001
11001001
11110110
10110110
01110110
00110110
00001001
01001001
10001000
11001000
11110111
10110111
01110111
00110111
00001000
01001000
10000111
11000111
11111000
10111000
01111000
00111000
00000111
01000111
10000110
11000110
11111001
10111001
01111001
00111001
00000110
01000110
10000101
11000101
11111010
10111010
01111010
00111010
00000101
01000101
10000100
11000100
11111011
10111011
01111011
00111011
00000100
01000100
10000011
11000011
11111100
10111100
01111100
00111100
00000011
01000011
10000010
11000010
11111101
10111101
01111101
00111101
00000010
01000010
10000001
11000001
11111110
10111110
01111110
00111110
00000001
01000001
10000000
11000000
11111111
10111111
01111111
00111111
00000000
01000000
01111111
10111111
11111111
11000000
10000000
01000000
00000000
00111111
01111110
10111110
11111110
11000001
10000001
01000001
00000001
00111110
01111101
10111101
11111101
11000010
10000010
01000010
00000010
00111101
01111100
10111100
11111100
11000011
10000011
01000011
00000011
00111100
01111011
10111011
11111011
11000100
10000100
01000100
00000100
00111011
01111010
10111010
11111010
11000101
10000101
01000101
00000101
00111010
01111001
10111001
11111001
11000110
10000110
01000110
00000110
00111001
01111000
10111000
11111000
11000111
10000111
01000111
00000111
00111000
01110111
10110111
11110111
11001000
10001000
01001000
00001000
00110111
01110110
10110110
11110110
11001001
10001001
01001001
00001001
00110110
01110101
10110101
11110101
11001010
10001010
01001010
00001010
00110101
01110100
10110100
11110100
11001011
10001011
01001011
00001011
00110100
01110011
10110011
11110011
11001100
10001100
01001100
00001100
00110011
01110010
10110010
11110010
11001101
10001101
01001101
00001101
00110010
01110001
10110001
11110001
11001110
10001110
01001110
00001110
00110001
01110000
10110000
11110000
11001111
10001111
01001111
00001111
00110000
01101111
10101111
11101111
11010000
10010000
01010000
00010000
00101111
01101110
10101110
11101110
11010001
10010001
01010001
00010001
00101110
01101101
10101101
11101101
11010010
10010010
01010010
00010010
00101101
01101100
10101100
11101100
11010011
10010011
01010011
00010011
00101100
01101011
10101011
11101011
11010100
10010100
01010100
00010100
00101011
01101010
10101010
11101010
11010101
10010101
01010101
00010101
00101010
01101001
10101001
11101001
11010110
10010110
01010110
00010110
00101001
01101000
10101000
11101000
11010111
10010111
01010111
00010111
00101000
01100111
10100111
11100111
11011000
10011000
01011000
00011000
00100111
01100110
10100110
11100110
11011001
10011001
01011001
00011001
00100110
01100101
10100101
11100101
11011010
10011010
01011010
00011010
00100101
01100100
10100100
11100100
11011011
10011011
01011011
00011011
00100100
01100011
10100011
11100011
11011100
10011100
01011100
00011100
00100011
01100010
10100010
11100010
11011101
10011101
01011101
00011101
00100010
01100001
10100001
11100001
11011110
10011110
01011110
00011110
00100001
01100000
10100000
11100000
11011111
10011111
01011111
00011111
00100000
01011111
10011111
11011111
11100000
10100000
01100000
00100000
00011111
01011110
10011110
11011110
11100001
10100001
01100001
00100001
00011110
01011101
10011101
11011101
11100010
10100010
01100010
00100010
00011101
01011100
10011100
11011100
11100011
10100011
01100011
00100011
00011100
01011011
10011011
11011011
11100100
10100100
01100100
00100100
00011011
01011010
10011010
11011010
11100101
10100101
01100101
00100101
00011010
01011001
10011001
11011001
11100110
10100110
01100110
00100110
00011001
01011000
10011000
11011000
11100111
10100111
01100111
00100111
00011000
01010111
10010111
11010111
11101000
10101000
01101000
00101000
00010111
01010110
10010110
11010110
11101001
10101001
01101001
00101001
00010110
01010101
10010101
11010101
11101010
10101010
01101010
00101010
00010101
01010100
10010100
11010100
11101011
10101011
01101011
00101011
00010100
01010011
10010011
11010011
11101100
10101100
01101100
00101100
00010011
01010010
10010010
11010010
11101101
10101101
01101101
00101101
00010010
01010001
10010001
11010001
11101110
10101110
01101110
00101110
00010001
01010000
10010000
11010000
11101111
10101111
01101111
00101111
00010000
01001111
10001111
11001111
11110000
10110000
01110000
00110000
00001111
01001110
10001110
11001110
11110001
10110001
01110001
00110001
00001110
01001101
10001101
11001101
11110010
10110010
01110010
00110010
00001101
01001100
10001100
11001100
11110011
10110011
01110011
00110011
00001100
01001011
10001011
11001011
11110100
10110100
01110100
00110100
00001011
01001010
10001010
11001010
11110101
10110101
01110101
00110101
00001010
01001001
10001001
11001001
11110110
10110110
01110110
00110110
00001001
01001000
10001000
11001000
11110111
10110111
01110111
00110111
00001000
01000111
10000111
11000111
11111000
10111000
01111000
00111000
00000111
01000110
10000110
11000110
11111001
10111001
01111001
00111001
00000110
01000101
10000101
11000101
11111010
10111010
01111010
00111010
00000101
01000100
10000100
11000100
11111011
10111011
01111011
00111011
00000100
01000011
10000011
11000011
11111100
10111100
01111100
00111100
00000011
01000010
10000010
11000010
11111101
10111101
01111101
00111101
00000010
01000001
10000001
11000001
11111110
10111110
01111110
00111110
00000001
01000000
10000000
11000000
11111111
10111111
01111111
00111111
00000000
00111111
01111111
10111111
11111111
11000000
10000000
01000000
00000000
00111110
01111110
10111110
11111110
11000001
10000001
01000001
00000001
00111101
01111101
10111101
11111101
11000010
10000010
01000010
00000010
00111100
01111100
10111100
11111100
11000011
10000011
01000011
00000011
00111011
01111011
10111011
11111011
11000100
10000100
01000100
00000100
00111010
01111010
10111010
11111010
11000101
10000101
01000101
00000101
00111001
01111001
10111001
11111001
11000110
10000110
01000110
00000110
00111000
01111000
10111000
11111000
11000111
10000111
01000111
00000111
00110111
01110111
10110111
11110111
11001000
10001000
01001000
00001000
00110110
01110110
10110110
11110110
11001001
10001001
01001001
00001001
00110101
01110101
10110101
11110101
11001010
10001010
01001010
00001010
00110100
01110100
10110100
11110100
11001011
10001011
01001011
00001011
00110011
01110011
10110011
11110011
11001100
10001100
01001100
00001100
00110010
01110010
10110010
11110010
11001101
10001101
01001101
00001101
00110001
01110001
10110001
11110001
11001110
10001110
01001110
00001110
00110000
01110000
10110000
11110000
11001111
10001111
01001111
00001111
00101111
01101111
10101111
11101111
11010000
10010000
01010000
00010000
00101110
01101110
10101110
11101110
11010001
10010001
01010001
00010001
00101101
01101101
10101101
11101101
11010010
10010010
01010010
00010010
00101100
01101100
10101100
11101100
11010011
10010011
01010011
00010011
00101011
01101011
10101011
11101011
11010100
10010100
01010100
00010100
00101010
01101010
10101010
11101010
11010101
10010101
01010101
00010101
00101001
01101001
10101001
11101001
11010110
10010110
01010110
00010110
00101000
01101000
10101000
11101000
11010111
10010111
01010111
00010111
00100111
01100111
10100111
11100111
11011000
10011000
01011000
00011000
00100110
01100110
10100110
11100110
11011001
10011001
01011001
00011001
00100101
01100101
10100101
11100101
11011010
10011010
01011010
00011010
00100100
01100100
10100100
11100100
11011011
10011011
01011011
00011011
00100011
01100011
10100011
11100011
11011100
10011100
01011100
00011100
00100010
01100010
10100010
11100010
11011101
10011101
01011101
00011101
00100001
01100001
10100001
11100001
11011110
10011110
01011110
00011110
00100000
01100000
10100000
11100000
11011111
10011111
01011111
00011111
00011111
01011111
10011111
11011111
11100000
10100000
01100000
00100000
00011110
01011110
10011110
11011110
11100001
10100001
01100001
00100001
00011101
01011101
10011101
11011101
11100010
10100010
01100010
00100010
00011100
01011100
10011100
11011100
11100011
10100011
01100011
00100011
00011011
01011011
10011011
11011011
11100100
10100100
01100100
00100100
00011010
01011010
10011010
11011010
11100101
10100101
01100101
00100101
00011001
01011001
10011001
11011001
11100110
10100110
01100110
00100110
00011000
01011000
10011000
11011000
11100111
10100111
01100111
00100111
00010111
01010111
10010111
11010111
11101000
10101000
01101000
00101000
00010110
01010110
10010110
11010110
11101001
10101001
01101001
00101001
00010101
01010101
10010101
11010101
11101010
10101010
01101010
00101010
00010100
01010100
10010100
11010100
11101011
10101011
01101011
00101011
00010011
01010011
10010011
11010011
11101100
10101100
01101100
00101100
00010010
01010010
10010010
11010010
11101101
10101101
01101101
00101101
00010001
01010001
10010001
11010001
11101110
10101110
01101110
00101110
00010000
01010000
10010000
11010000
11101111
10101111
01101111
00101111
00001111
01001111
10001111
11001111
11110000
10110000
01110000
00110000
00001110
01001110
10001110
11001110
11110001
10110001
01110001
00110001
00001101
01001101
10001101
11001101
11110010
10110010
01110010
00110010
00001100
01001100
10001100
11001100
11110011
10110011
01110011
00110011
00001011
01001011
10001011
11001011
11110100
10110100
01110100
00110100
00001010
01001010
10001010
11001010
11110101
10110101
01110101
00110101
00001001
01001001
10001001
11001001
11110110
10110110
01110110
00110110
00001000
01001000
10001000
11001000
11110111
10110111
01110111
00110111
00000111
01000111
10000111
11000111
11111000
10111000
01111000
00111000
00000110
01000110
10000110
11000110
11111001
10111001
01111001
00111001
00000101
01000101
10000101
11000101
11111010
10111010
01111010
00111010
00000100
01000100
10000100
11000100
11111011
10111011
01111011
00111011
00000011
01000011
10000011
11000011
11111100
10111100
01111100
00111100
00000010
01000010
10000010
11000010
11111101
10111101
01111101
00111101
00000001
01000001
10000001
11000001
11111110
10111110
01111110
00111110
00000000
01000000
10000000
11000000
11111111
10111111
01111111
00111111
00000000
00111111
01111111
10111111
11111111
11000000
10000000
01000000
00000001
00111110
01111110
10111110
11111110
11000001
10000001
01000001
00000010
00111101
01111101
10111101
11111101
11000010
10000010
01000010
00000011
00111100
01111100
10111100
11111100
11000011
10000011
01000011
00000100
00111011
01111011
10111011
11111011
11000100
10000100
01000100
00000101
00111010
01111010
10111010
11111010
11000101
10000101
01000101
00000110
00111001
01111001
10111001
11111001
11000110
10000110
01000110
00000111
00111000
01111000
10111000
11111000
11000111
10000111
01000111
00001000
00110111
01110111
10110111
11110111
11001000
10001000
01001000
00001001
00110110
01110110
10110110
11110110
11001001
10001001
01001001
00001010
00110101
01110101
10110101
11110101
11001010
10001010
01001010
00001011
00110100
01110100
10110100
11110100
11001011
10001011
01001011
00001100
00110011
01110011
10110011
11110011
11001100
10001100
01001100
00001101
00110010
01110010
10110010
11110010
11001101
10001101
01001101
00001110
00110001
01110001
10110001
11110001
11001110
10001110
01001110
00001111
00110000
01110000
10110000
11110000
11001111
10001111
01001111
00010000
00101111
01101111
10101111
11101111
11010000
10010000
01010000
00010001
00101110
01101110
10101110
11101110
11010001
10010001
01010001
00010010
00101101
01101101
10101101
11101101
11010010
10010010
01010010
00010011
00101100
01101100
10101100
11101100
11010011
10010011
01010011
00010100
00101011
01101011
10101011
11101011
11010100
10010100
01010100
00010101
00101010
01101010
10101010
11101010
11010101
10010101
01010101
00010110
00101001
01101001
10101001
11101001
11010110
10010110
01010110
00010111
00101000
01101000
10101000
11101000
11010111
10010111
01010111
00011000
00100111
01100111
10100111
11100111
11011000
10011000
01011000
00011001
00100110
01100110
10100110
11100110
11011001
10011001
01011001
00011010
00100101
01100101
10100101
11100101
11011010
10011010
01011010
00011011
00100100
01100100
10100100
11100100
11011011
10011011
01011011
00011100
00100011
01100011
10100011
11100011
11011100
10011100
01011100
00011101
00100010
01100010
10100010
11100010
11011101
10011101
01011101
00011110
00100001
01100001
10100001
11100001
11011110
10011110
01011110
00011111
00100000
01100000
10100000
11100000
11011111
10011111
01011111
00100000
00011111
01011111
10011111
11011111
11100000
10100000
01100000
00100001
00011110
01011110
10011110
11011110
11100001
10100001
01100001
00100010
00011101
01011101
10011101
11011101
11100010
10100010
01100010
00100011
00011100
01011100
10011100
11011100
11100011
10100011
01100011
00100100
00011011
01011011
10011011
11011011
11100100
10100100
01100100
00100101
00011010
01011010
10011010
11011010
11100101
10100101
01100101
00100110
00011001
01011001
10011001
11011001
11100110
10100110
01100110
00100111
00011000
01011000
10011000
11011000
11100111
10100111
01100111
00101000
00010111
01010111
10010111
11010111
11101000
10101000
01101000
00101001
00010110
01010110
10010110
11010110
11101001
10101001
01101001
00101010
00010101
01010101
10010101
11010101
11101010
10101010
01101010
00101011
00010100
01010100
10010100
11010100
11101011
10101011
01101011
00101100
00010011
01010011
10010011
11010011
11101100
10101100
01101100
00101101
00010010
01010010
10010010
11010010
11101101
10101101
01101101
00101110
00010001
01010001
10010001
11010001
11101110
10101110
01101110
00101111
00010000
01010000
10010000
11010000
11101111
10101111
01101111
00110000
00001111
01001111
10001111
11001111
11110000
10110000
01110000
00110001
00001110
01001110
10001110
11001110
11110001
10110001
01110001
00110010
00001101
01001101
10001101
11001101
11110010
10110010
01110010
00110011
00001100
01001100
10001100
11001100
11110011
10110011
01110011
00110100
00001011
01001011
10001011
11001011
11110100
10110100
01110100
00110101
00001010
01001010
10001010
11001010
11110101
10110101
01110101
00110110
00001001
01001001
10001001
11001001
11110110
10110110
01110110
00110111
00001000
01001000
10001000
11001000
11110111
10110111
01110111
00111000
00000111
01000111
10000111
11000111
11111000
10111000
01111000
00111001
00000110
01000110
10000110
11000110
11111001
10111001
01111001
00111010
00000101
01000101
10000101
11000101
11111010
10111010
01111010
00111011
00000100
01000100
10000100
11000100
11111011
10111011
01111011
00111100
00000011
01000011
10000011
11000011
11111100
10111100
01111100
00111101
00000010
01000010
10000010
11000010
11111101
10111101
01111101
00111110
00000001
01000001
10000001
11000001
11111110
10111110
01111110
00111111
00000000
01000000
10000000
11000000
11111111
10111111
01111111
01000000
00000000
00111111
01111111
10111111
11111111
11000000
10000000
01000001
00000001
00111110
01111110
10111110
11111110
11000001
10000001
01000010
00000010
00111101
01111101
10111101
11111101
11000010
10000010
01000011
00000011
00111100
01111100
10111100
11111100
11000011
10000011
01000100
00000100
00111011
01111011
10111011
11111011
11000100
10000100
01000101
00000101
00111010
01111010
10111010
11111010
11000101
10000101
01000110
00000110
00111001
01111001
10111001
11111001
11000110
10000110
01000111
00000111
00111000
01111000
10111000
11111000
11000111
10000111
01001000
00001000
00110111
01110111
10110111
11110111
11001000
10001000
01001001
00001001
00110110
01110110
10110110
11110110
11001001
10001001
01001010
00001010
00110101
01110101
10110101
11110101
11001010
10001010
01001011
00001011
00110100
01110100
10110100
11110100
11001011
10001011
01001100
00001100
00110011
01110011
10110011
11110011
11001100
10001100
01001101
00001101
00110010
01110010
10110010
11110010
11001101
10001101
01001110
00001110
00110001
01110001
10110001
11110001
11001110
10001110
01001111
00001111
00110000
01110000
10110000
11110000
11001111
10001111
01010000
00010000
00101111
01101111
10101111
11101111
11010000
10010000
01010001
00010001
00101110
01101110
10101110
11101110
11010001
10010001
01010010
00010010
00101101
01101101
10101101
11101101
11010010
10010010
01010011
00010011
00101100
01101100
10101100
11101100
11010011
10010011
01010100
00010100
00101011
01101011
10101011
11101011
11010100
10010100
01010101
00010101
00101010
01101010
10101010
11101010
11010101
10010101
01010110
00010110
00101001
01101001
10101001
11101001
11010110
10010110
01010111
00010111
00101000
01101000
10101000
11101000
11010111
10010111
01011000
00011000
00100111
01100111
10100111
11100111
11011000
10011000
01011001
00011001
00100110
01100110
10100110
11100110
11011001
10011001
01011010
00011010
00100101
01100101
10100101
11100101
11011010
10011010
01011011
00011011
00100100
01100100
10100100
11100100
11011011
10011011
01011100
00011100
00100011
01100011
10100011
11100011
11011100
10011100
01011101
00011101
00100010
01100010
10100010
11100010
11011101
10011101
01011110
00011110
00100001
01100001
10100001
11100001
11011110
10011110
01011111
00011111
00100000
01100000
10100000
11100000
11011111
10011111
01100000
00100000
00011111
01011111
10011111
11011111
11100000
10100000
01100001
00100001
00011110
01011110
10011110
11011110
11100001
10100001
01100010
00100010
00011101
01011101
10011101
11011101
11100010
10100010
01100011
00100011
00011100
01011100
10011100
11011100
11100011
10100011
01100100
00100100
00011011
01011011
10011011
11011011
11100100
10100100
01100101
00100101
00011010
01011010
10011010
11011010
11100101
10100101
01100110
00100110
00011001
01011001
10011001
11011001
11100110
10100110
01100111
00100111
00011000
01011000
10011000
11011000
11100111
10100111
01101000
00101000
00010111
01010111
10010111
11010111
11101000
10101000
01101001
00101001
00010110
01010110
10010110
11010110
11101001
10101001
01101010
00101010
00010101
01010101
10010101
11010101
11101010
10101010
01101011
00101011
00010100
01010100
10010100
11010100
11101011
10101011
01101100
00101100
00010011
01010011
10010011
11010011
11101100
10101100
01101101
00101101
00010010
01010010
10010010
11010010
11101101
10101101
01101110
00101110
00010001
01010001
10010001
11010001
11101110
10101110
01101111
00101111
00010000
01010000
10010000
11010000
11101111
10101111
01110000
00110000
00001111
01001111
10001111
11001111
11110000
10110000
01110001
00110001
00001110
01001110
10001110
11001110
11110001
10110001
01110010
00110010
00001101
01001101
10001101
11001101
11110010
10110010
01110011
00110011
00001100
01001100
10001100
11001100
11110011
10110011
01110100
00110100
00001011
01001011
10001011
11001011
11110100
10110100
01110101
00110101
00001010
01001010
10001010
11001010
11110101
10110101
01110110
00110110
00001001
01001001
10001001
11001001
11110110
10110110
01110111
00110111
00001000
01001000
10001000
11001000
11110111
10110111
01111000
00111000
00000111
01000111
10000111
11000111
11111000
10111000
01111001
00111001
00000110
01000110
10000110
11000110
11111001
10111001
01111010
00111010
00000101
01000101
10000101
11000101
11111010
10111010
01111011
00111011
00000100
01000100
10000100
11000100
11111011
10111011
01111100
00111100
00000011
01000011
10000011
11000011
11111100
10111100
01111101
00111101
00000010
01000010
10000010
11000010
11111101
10111101
01111110
00111110
00000001
01000001
10000001
11000001
11111110
10111110
01111111
00111111
00000000
01000000
10000000
11000000
11111111
10111111
10000000
01000000
00000000
00111111
01111111
10111111
11111111
11000000
10000001
01000001
00000001
00111110
01111110
10111110
11111110
11000001
10000010
01000010
00000010
00111101
01111101
10111101
11111101
11000010
10000011
01000011
00000011
00111100
01111100
10111100
11111100
11000011
10000100
01000100
00000100
00111011
01111011
10111011
11111011
11000100
10000101
01000101
00000101
00111010
01111010
10111010
11111010
11000101
10000110
01000110
00000110
00111001
01111001
10111001
11111001
11000110
10000111
01000111
00000111
00111000
01111000
10111000
11111000
11000111
10001000
01001000
00001000
00110111
01110111
10110111
11110111
11001000
10001001
01001001
00001001
00110110
01110110
10110110
11110110
11001001
10001010
01001010
00001010
00110101
01110101
10110101
11110101
11001010
10001011
01001011
00001011
00110100
01110100
10110100
11110100
11001011
10001100
01001100
00001100
00110011
01110011
10110011
11110011
11001100
10001101
01001101
00001101
00110010
01110010
10110010
11110010
11001101
10001110
01001110
00001110
00110001
01110001
10110001
11110001
11001110
10001111
01001111
00001111
00110000
01110000
10110000
11110000
11001111
10010000
01010000
00010000
00101111
01101111
10101111
11101111
11010000
10010001
01010001
00010001
00101110
01101110
10101110
11101110
11010001
10010010
01010010
00010010
00101101
01101101
10101101
11101101
11010010
10010011
01010011
00010011
00101100
01101100
10101100
11101100
11010011
10010100
01010100
00010100
00101011
01101011
10101011
11101011
11010100
10010101
01010101
00010101
00101010
01101010
10101010
11101010
11010101
10010110
01010110
00010110
00101001
01101001
10101001
11101001
11010110
10010111
01010111
00010111
00101000
01101000
10101000
11101000
11010111
10011000
01011000
00011000
00100111
01100111
10100111
11100111
11011000
10011001
01011001
00011001
00100110
01100110
10100110
11100110
11011001
10011010
01011010
00011010
00100101
01100101
10100101
11100101
11011010
10011011
01011011
00011011
00100100
01100100
10100100
11100100
11011011
10011100
01011100
00011100
00100011
01100011
10100011
11100011
11011100
10011101
01011101
00011101
00100010
01100010
10100010
11100010
11011101
10011110
01011110
00011110
00100001
01100001
10100001
11100001
11011110
10011111
01011111
00011111
00100000
01100000
10100000
11100000
11011111
10100000
01100000
00100000
00011111
01011111
10011111
11011111
11100000
10100001
01100001
00100001
00011110
01011110
10011110
11011110
11100001
10100010
01100010
00100010
00011101
01011101
10011101
11011101
11100010
10100011
01100011
00100011
00011100
01011100
10011100
11011100
11100011
10100100
01100100
00100100
00011011
01011011
10011011
11011011
11100100
10100101
01100101
00100101
00011010
01011010
10011010
11011010
11100101
10100110
01100110
00100110
00011001
01011001
10011001
11011001
11100110
10100111
01100111
00100111
00011000
01011000
10011000
11011000
11100111
10101000
01101000
00101000
00010111
01010111
10010111
11010111
11101000
10101001
01101001
00101001
00010110
01010110
10010110
11010110
11101001
10101010
01101010
00101010
00010101
01010101
10010101
11010101
11101010
10101011
01101011
00101011
00010100
01010100
10010100
11010100
11101011
10101100
01101100
00101100
00010011
01010011
10010011
11010011
11101100
10101101
01101101
00101101
00010010
01010010
10010010
11010010
11101101
10101110
01101110
00101110
00010001
01010001
10010001
11010001
11101110
10101111
01101111
00101111
00010000
01010000
10010000
11010000
11101111
10110000
01110000
00110000
00001111
01001111
10001111
11001111
11110000
10110001
01110001
00110001
00001110
01001110
10001110
11001110
11110001
10110010
01110010
00110010
00001101
01001101
10001101
11001101
11110010
10110011
01110011
00110011
00001100
01001100
10001100
11001100
11110011
10110100
01110100
00110100
00001011
01001011
10001011
11001011
11110100
10110101
01110101
00110101
00001010
01001010
10001010
11001010
11110101
10110110
01110110
00110110
00001001
01001001
10001001
11001001
11110110
10110111
01110111
00110111
00001000
01001000
10001000
11001000
11110111
10111000
01111000
00111000
00000111
01000111
10000111
11000111
11111000
10111001
01111001
00111001
00000110
01000110
10000110
11000110
11111001
10111010
01111010
00111010
00000101
01000101
10000101
11000101
11111010
10111011
01111011
00111011
00000100
01000100
10000100
11000100
11111011
10111100
01111100
00111100
00000011
01000011
10000011
11000011
11111100
10111101
01111101
00111101
00000010
01000010
10000010
11000010
11111101
10111110
01111110
00111110
00000001
01000001
10000001
11000001
11111110
10111111
01111111
00111111
00000000
01000000
10000000
11000000
11111111
11000000
10000000
01000000
00000000
00111111
01111111
10111111
11111111
11000001
10000001
01000001
00000001
00111110
01111110
10111110
11111110
11000010
10000010
01000010
00000010
00111101
01111101
10111101
11111101
11000011
10000011
01000011
00000011
00111100
01111100
10111100
11111100
11000100
10000100
01000100
00000100
00111011
01111011
10111011
11111011
11000101
10000101
01000101
00000101
00111010
01111010
10111010
11111010
11000110
10000110
01000110
00000110
00111001
01111001
10111001
11111001
11000111
10000111
01000111
00000111
00111000
01111000
10111000
11111000
11001000
10001000
01001000
00001000
00110111
01110111
10110111
11110111
11001001
10001001
01001001
00001001
00110110
01110110
10110110
11110110
11001010
10001010
01001010
00001010
00110101
01110101
10110101
11110101
11001011
10001011
01001011
00001011
00110100
01110100
10110100
11110100
11001100
10001100
01001100
00001100
00110011
01110011
10110011
11110011
11001101
10001101
01001101
00001101
00110010
01110010
10110010
11110010
11001110
10001110
01001110
00001110
00110001
01110001
10110001
11110001
11001111
10001111
01001111
00001111
00110000
01110000
10110000
11110000
11010000
10010000
01010000
00010000
00101111
01101111
10101111
11101111
11010001
10010001
01010001
00010001
00101110
01101110
10101110
11101110
11010010
10010010
01010010
00010010
00101101
01101101
10101101
11101101
11010011
10010011
01010011
00010011
00101100
01101100
10101100
11101100
11010100
10010100
01010100
00010100
00101011
01101011
10101011
11101011
11010101
10010101
01010101
00010101
00101010
01101010
10101010
11101010
11010110
10010110
01010110
00010110
00101001
01101001
10101001
11101001
11010111
10010111
01010111
00010111
00101000
01101000
10101000
11101000
11011000
10011000
01011000
00011000
00100111
01100111
10100111
11100111
11011001
10011001
01011001
00011001
00100110
01100110
10100110
11100110
11011010
10011010
01011010
00011010
00100101
01100101
10100101
11100101
11011011
10011011
01011011
00011011
00100100
01100100
10100100
11100100
11011100
10011100
01011100
00011100
00100011
01100011
10100011
11100011
11011101
10011101
01011101
00011101
00100010
01100010
10100010
11100010
11011110
10011110
01011110
00011110
00100001
01100001
10100001
11100001
11011111
10011111
01011111
00011111
00100000
01100000
10100000
11100000
11100000
10100000
01100000
00100000
00011111
01011111
10011111
11011111
11100001
10100001
01100001
00100001
00011110
01011110
10011110
11011110
11100010
10100010
01100010
00100010
00011101
01011101
10011101
11011101
11100011
10100011
01100011
00100011
00011100
01011100
10011100
11011100
11100100
10100100
01100100
00100100
00011011
01011011
10011011
11011011
11100101
10100101
01100101
00100101
00011010
01011010
10011010
11011010
11100110
10100110
01100110
00100110
00011001
01011001
10011001
11011001
11100111
10100111
01100111
00100111
00011000
01011000
10011000
11011000
11101000
10101000
01101000
00101000
00010111
01010111
10010111
11010111
11101001
10101001
01101001
00101001
00010110
01010110
10010110
11010110
11101010
10101010
01101010
00101010
00010101
01010101
10010101
11010101
11101011
10101011
01101011
00101011
00010100
01010100
10010100
11010100
11101100
10101100
01101100
00101100
00010011
01010011
10010011
11010011
11101101
10101101
01101101
00101101
00010010
01010010
10010010
11010010
11101110
10101110
01101110
00101110
00010001
01010001
10010001
11010001
11101111
10101111
01101111
00101111
00010000
01010000
10010000
11010000
11110000
10110000
01110000
00110000
00001111
01001111
10001111
11001111
11110001
10110001
01110001
00110001
00001110
01001110
10001110
11001110
11110010
10110010
01110010
00110010
00001101
01001101
10001101
11001101
11110011
10110011
01110011
00110011
00001100
01001100
10001100
11001100
11110100
10110100
01110100
00110100
00001011
01001011
10001011
11001011
11110101
10110101
01110101
00110101
00001010
01001010
10001010
11001010
11110110
10110110
01110110
00110110
00001001
01001001
10001001
11001001
11110111
10110111
01110111
00110111
00001000
01001000
10001000
11001000
11111000
10111000
01111000
00111000
00000111
01000111
10000111
11000111
11111001
10111001
01111001
00111001
00000110
01000110
10000110
11000110
11111010
10111010
01111010
00111010
00000101
01000101
10000101
11000101
11111011
10111011
01111011
00111011
00000100
01000100
10000100
11000100
11111100
10111100
01111100
00111100
00000011
01000011
10000011
11000011
11111101
10111101
01111101
00111101
00000010
01000010
10000010
11000010
11111110
10111110
01111110
00111110
00000001
01000001
10000001
11000001
11111111
10111111
01111111
00111111
00000000
01000000
10000000
11000000