11111111
11111111
11111111
11111111
11111111
11111111
00101110
11101101
10101001
01011100
00110101
11101111
00000100
10101100
01110010
10100110
00111100
10101101
00011110
11101101
10101110
11100101
11111111
11111111
11111111
11111111
11111111
11111111
11111111
11111111
11111111
11111111
11111111
11111111
11111111
11111111
11111111
11111111
00101110
11101101
10001110
01011100
00110101
11101111
00000100
10101100
00001110
10100110
00111100
10101101
00011110
11101101
10101110
11100101
11111111
11111111
11111111
11111111
11111111
11111111
11111111
11111111
11111111
11111111
11111111
11111111
11111111
11111111
11111111
11111111
10001010
11101101
10001110
01011100
00110101
11101111
00000100
10101100
00001110
10100110
00111100
10101101
00011110
11101101
10101110
11100101
11111111
11111111
11111111
11111111
11111111
11111111
11111111
11111111
11111111
11111111
11111111
11111111
11111111
11111111
11111111
11111111
10001010
11101101
10001110
01011100
00110101
11101111
10100100
10101100
00001110
10100110
00111100
00100100
00011110
11101101
10101110
11100101
11111111
11111111
11111111
11111111
11111111
11111111
11111111
11111111
11111111
11111111
11111111
11111111
11111111
11111111
11111111
11111111
10001010
11101101
10001110
01011100
00110101
11101111
10100100
10101100
00001110
10100110
00111100
00100100
00011110
10000001
00101011
11100101
11111111
11111111
11111111
11111111
11111111
11111111
11111111
11111111
11111111
11111111
11111111
11111111
11111111
11111111
11111111
11111111
10001010
11101101
10001110
01011100
00110101
00110101
10100100
10101100
00001110
11101000
00111100
00100100
00011110
10000001
00101011
11100101
11111111
11111111
11111111
11111111
11111111
11111111
11111111
11111111
11111111
11111111
11111111
11111111
11111111
11111111
11111111
11111111
10001010
11101000
10001110
01011100
00110101
00110101
10100100
10101100
00001110
11101000
00111100
00100100
00011110
10000001
00101011
11111100
11111111
11111111
11111111
11111111
11111111
11111111
11111111
11111111
11111111
11111111
11111111
11111111
11111111
11111111
11111111
11111111
10001010
11101000
10001110
01011100
00110101
00110101
10100100
01100100
00001110
11101000
00111100
00100100
00011110
10000001
00101011
11111100
11111111
11111111
11111111
11111111
11111111
11111111
11111111
11111111
11111111
11111111
11111111
11111111
11111111
11111111
11111111
11111111
10001010
11101000
10001110
01011100
00110101
00110101
10100100
01100100
00001110
11101000
01000101
00100100
00111011
10000001
00101011
11111100
11111111
11111111
11111111
11111111
11111111
11111111
11111111
11111111
11111111
11111111
11111111
11111111
11111111
11111111
11111111
11111111
10001010
11101000
11100111
00010101
00110101
00110101
10100100
01100100
00001110
11101000
01000101
00100100
00111011
10000001
00101011
11111100
11111111
11111111
11111111
11111111
11111111
11111111
11111111
11111111
11111111
11111111
11111111
11111111
11111111
11111111
11111111
11111111
10001010
11101000
11100111
00010101
10000111
00110101
10100100
01100100
00001110
11101000
01000101
00100100
00111011
10000001
00101011
11111100
11111111
11111111
11111111
11111111
11111111
11111111
11111111
11111111
11111111
11111111
11111111
11111111
11111111
11111111
11111111
11111111
10001010
11101000
11100111
00010101
10000111
00110101
10100100
01100100
10101001
11101000
01000101
00100100
00111011
10000001
00101011
11111100
11111111
11111111
11111111
11111111
11111111
11111111
11111111
11111111
11111111
11111111
11111111
11111111
11111111
11111111
11111111
11111111
10001010
11101000
11100111
00010101
10000111
00110101
11101001
01100100
10101001
11101000
01000101
00100100
00111011
10000001
10010001
11111100
11111111
11111111
11111111
11111111
11111111
11111111
11111111
11111111
11111111
11111111
11111111
11111111
11111111
11111111
11111111
11111111
00110001
11101000
11100111
00010101
10000111
01010101
11101001
01100100
10101001
11101000
01000101
00100100
00111011
10000001
10010001
11111100
11111111
11111111
11111111
11111111
11111111
11111111
11111111
11111111
11111111
11111111
11111111
11111111
11111111
11111111
11111111
11111111
00110001
11111111
11100111
00010101
10000111
01010101
11101001
01100100
10101001
11101000
01000101
00111011
00111011
10000001
10010001
11111100
11111111
11111111
11111111
11111111
11111111
11111111
11111111
11111111
11111111
11111111
11111111
11111111
11111111
11111111
11111111
11111111
00110001
11111111
11100111
00010101
10000111
01010101
11101001
01100100
10101001
11101000
01000101
00111011
00111011
00001000
10010001
11111100
11111111
11111111
11111111
11111111
11111111
11111111
11111111
11111111
11111111
11111111
11111111
11111111
11111111
11111111
11111111
11111111
00110001
11111111
11100111
00010101
10000111
01010101
11101001
01100100
10101001
10111001
01000101
00111011
01001011
00001000
10010001
11111100
11111111
11111111
11111111
11111111
11111111
11111111
11111111
11111111
11111111
11111111
11111111
11111111
11111111
11111111
11111111
11111111
00110001
11111111
11100111
01000001
10000111
01010101
11101001
11010011
10101001
10111001
01000101
00111011
01001011
00001000
10010001
11111100
11111111
11111111
11111111
11111111
11111111
11111111
11111111
11111111
11111111
11111111
11111111
11111111
11111111
11111111
11111111
11111111
00110001
11111111
11100111
01000001
10000111
01010101
11101001
11010011
10101001
10111001
01000101
00111011
01001011
00001000
10010001
11001111
11111111
11111111
11111111
11111111
11111111
11111111
11111111
11111111
11111111
11111111
11111111
11111111
11111111
11111111
11111111
11111111
00110001
11111111
11100111
01000001
10000111
01010101
11101001
11010011
10101001
10111001
11101111
00111011
01001011
00001000
10010001
11001111
11111111
11111111
11111111
11111111
11111111
11111111
11111111
11111111
11111111
11111111
11111111
11111111
11111111
11111111
11111111
11111111
00110001
11111111
11100111
01000001
00001010
01010101
11101001
11010011
10101001
10111001
11101111
00111011
01001011
00001000
10010001
11001111
11111111
11111111
11111111
11111111
11111111
11111111
11111111
11111111
11111111
11111111
11111111
11111111
11111111
11111111
11111111
11111111
00110001
11111111
00101011
01000001
00001010
01010101
01001010
11010011
10101001
10111001
11101111
00111011
01001011
00001000
10010001
11001111
11111111
11111111
11111111
11111111
11111111
11111111
11111111
11111111
11111111
11111111
11111111
11111111
11111111
11111111
11111111
11111111
00110001
11111111
00101011
01000001
00001010
01010101
01001010
11010011
00011011
10111001
11101111
00111011
01001011
00001000
10010001
11001111
11111111
11111111
11111111
11111111
11111111
11111111
11111111
11111111
11111111
11111111
11111111
11111111
11111111
11111111
11111111
11111111
00110010
11111111
00101011
01000001
00001010
01010101
01001010
11010011
00011011
10111001
11101111
00111011
01001011
00001000
10100001
11001111
11111111
11111111
11111111
11111111
11111111
11111111
11111111
11111111
11111111
11111111
11111111
11111111
11111111
11111111
11111111
11111111
00110010
11111111
00101011
01000001
00001010
11100101
01001010
11010011
00011011
10111001
11101111
00001111
01001011
00001000
10100001
11001111
11111111
11111111
11111111
11111111
11111111
11111111
11111111
11111111
11111111
11111111
11111111
11111111
11111111
11111111
11111111
11111111
00110010
00100010
00101011
01000001
00001010
11100101
01001010
11010011
00011011
10111001
11101111
00001111
01001011
00000110
10100001
11001111
11111111
11111111
11111111
11111111
11111111
11111111
11111111
11111111
11111111
11111111
11111111
11111111
11111111
11111111
11111111
11111111
00110010
00100010
00101011
01000001
00001010
11100101
01001010
11010011
00011011
11010110
11101111
00001111
11011011
00000110
10100001
11001111
11111111
11111111
11111111
11111111
11111111
11111111
11111111
11111111
11111111
11111111
11111111
11111111
11111111
11111111
11111111
11111111
00110010
00100010
00101011
00001010
00001010
11100101
01001010
11100100
00011011
11010110
11101111
00001111
11011011
00000110
10100001
11001111
11111111
11111111
11111111
11111111
11111111
11111111
11111111
11111111
11111111
11111111
11111111
11111111
11111111
11111111
11111111
11111111
00110010
00100010
00101011
00001010
00001010
11100101
01001010
11100100
00011011
11010110
11101111
00001111
11011011
00000110
10100001
01000100
11111111
11111111
11111111
11111111
11111111
11111111
11111111
11111111
11111111
11111111
11111111
11111111
11111111
11111111
11111111
11111111
00110010
00100010
00101011
00001010
01100100
11100101
01001010
11100100
00011011
11010110
11101111
00001111
11011011
00000110
10100001
01000100
11111111
11111111
11111111
11111111
11111111
11111111
11111111
11111111
11111111
11111111
11111111
11111111
11111111
11111111
11111111
11111111
00110010
00100010
00101011
00001010
01100100
11100101
01001010
11100100
00010000
11010110
11101111
00001111
11011011
00000110
10100001
01000100
11111111
11111111
11111111
11111111
11111111
11111111
11111111
11111111
11111111
11111111
11111111
11111111
11111111
11111111
11111111
11111111
00110010
00100010
01001110
00001010
01100100
11100101
01001010
11100100
00010000
11010110
11101111
00001111
11011011
00000110
10100001
01000100
11111111
11111111
11111111
11111111
11111111
11111111
11111111
11111111
11111111
11111111
11111111
11111111
11111111
11111111
11111111
11111111
00110010
00100010
01001110
00001010
01100100
11100101
01100101
11100100
00010000
11010110
11101111
01100001
11011011
00000110
10100001
01000100
11111111
11111111
11111111
11111111
11111111
11111111
11111111
11111111
11111111
11111111
11111111
11111111
11111111
11111111
11111111
11111111
10000110
00100010
01001110
00001010
01100100
11100101
01100101
11100100
00010000
11010110
11101111
01100001
11011011
00000110
11000111
01000100
11111111
11111111
11111111
11111111
11111111
11111111
11111111
11111111
11111111
11111111
11111111
11111111
11111111
11111111
11111111
11111111
10000110
00100010
01001110
00001010
01100100
00110110
01100101
11100100
00010000
11010110
11101111
01100001
11011011
01001011
11000111
01000100
11111111
11111111
11111111
11111111
11111111
11111111
11111111
11111111
11111111
11111111
11111111
11111111
11111111
11111111
11111111
11111111
10000110
01110000
01001110
00001010
01100100
00110110
01100101
01101000
00010000
11010110
11101111
01100001
11011011
01001011
11000111
01000100
11111111
11111111
11111111
11111111
11111111
11111111
11111111
11111111
11111111
11111111
11111111
11111111
11111111
11111111
11111111
11111111
10000110
01110000
01001110
00001010
01100100
00110110
01100101
01101000
00010000
11001101
11101111
01100001
01101001
01001011
11000111
01000100
11111111
11111111
11111111
11111111
11111111
11111111
11111111
11111111
11111111
11111111
11111111
11111111
11111111
11111111
11111111
11111111
10000110
01110000
01001110
10001011
01100100
00110110
01100101
01101000
00010000
11001101
11101111
01100001
01101001
01001011
11000111
01000100
11111111
11111111
11111111
11111111
11111111
11111111
11111111
11111111
11111111
11111111
11111111
11111111
11111111
11111111
11111111
11111111
10000110
01110000
01001110
10001011
01010000
00110110
01100101
01101000
00010000
11001101
11101111
01100001
01101001
01001011
11000111
01101101
11111111
11111111
11111111
11111111
11111111
11111111
11111111
11111111
11111111
11111111
11111111
11111111
11111111
11111111
11111111
11111111
10000110
01110000
01001110
10001011
01010000
00110110
01100101
01101000
00010000
11001101
01101100
01100001
01101001
01001011
11000111
01101101
11111111
11111111
11111111
11111111
11111111
11111111
11111111
11111111
11111111
11111111
11111111
11111111
11111111
11111111
11111111
11111111
10000110
01110000
01001110
10001011
01010000
00110110
01100101
01101000
00111110
11001101
01101100
01100001
01101001
01001011
11000111
01101101
11111111
11111111
11111111
11111111
11111111
11111111
11111111
11111111
11111111
11111111
11111111
11111111
11111111
11111111
11111111
11111111
10000110
01110000
11000100
10001011
01010000
00110110
01100101
01101000
00111110
11001101
01101100
01100001
01101001
01001011
11000111
01101101
11111111
11111111
11111111
11111111
11111111
11111111
11111111
11111111
11111111
11111111
11111111
11111111
11111111
11111111
11111111
11111111
10000110
01110000
11000100
10001011
01010000
00110110
00100110
01101000
00111110
11001101
01101100
01100001
01101001
01001011
10110101
01101101
11111111
11111111
11111111
11111111
11111111
11111111
11111111
11111111
11111111
11111111
11111111
11111111
11111111
11111111
11111111
11111111
11111001
01110000
11000100
10001011
01010000
00110110
00100110
01101000
00111110
11001101
01101100
01100001
01101001
01001011
10110101
01101101
11111111
11111111
11111111
11111111
11111111
11111111
11111111
11111111
11111111
11111111
11111111
11111111
11111111
11111111
11111111
11111111
11111001
01110000
11000100
10001011
01010000
11110001
00100110
01101000
00111110
11001101
01101100
00111100
01101001
01001011
10110101
01101101
11111111
11111111
11111111
11111111
11111111
11111111
11111111
11111111
11111111
11111111
11111111
11111111
11111111
11111111
11111111
11111111
11111001
10110001
11000100
10001011
01010000
11110001
00100110
01101000
00111110
11001101
01101100
00111100
01101001
00101001
10110101
01101101
11111111
11111111
11111111
11111111
11111111
11111111
11111111
11111111
11111111
11111111
11111111
11111111
11111111
11111111
11111111
11111111
11111001
10110001
11000100
10001011
01010000
11110001
00100110
01101000
00111110
10100001
01101100
00111100
10000101
00101001
10110101
01101101
11111111
11111111
11111111
11111111
11111111
11111111
11111111
11111111
11111111
11111111
11111111
11111111
11111111
11111111
11111111
11111111
11111001
10110001
11000100
11010001
01010000
11110001
00100110
01001111
00111110
10100001
01101100
00111100
10000101
00101001
10110101
01101101
11111111
11111111
11111111
11111111
11111111
11111111
11111111
11111111
11111111
11111111
11111111
11111111
11111111
11111111
11111111
11111111
11111001
10110001
11000100
11010001
01010000
11110001
00100110
01001111
00111110
10100001
01101100
00111100
10000101
00101001
10110101
00101000
11111111
11111111
11111111
11111111
11111111
11111111
11111111
11111111
11111111
11111111
11111111
11111111
11111111
11111111
11111111
11111111
11111001
10110001
11000100
11010001
11011110
11110001
00100110
01001111
00111110
10100001
01100001
00111100
10000101
00101001
10110101
00101000
11111111
11111111
11111111
11111111
11111111
11111111
11111111
11111111
11111111
11111111
11111111
11111111
11111111
11111111
11111111
11111111
11111001
10110001
11000100
11010001
11011110
11110001
01111000
01001111
01001110
10100001
01100001
00111100
10000101
00101001
10110101
00101000
11111111
11111111
11111111
11111111
11111111
11111111
11111111
11111111
11111111
11111111
11111111
11111111
11111111
11111111
11111111
11111111
11111001
10110001
00011000
11010001
11011110
11110001
01111000
01001111
01001110
10100001
01100001
00111100
10000101
00101001
10110101
00101000
11111111
11111111
11111111
11111111
11111111
11111111
11111111
11111111
11111111
11111111
11111111
11111111
11111111
11111111
11111111
11111111
11011000
10110001
00011000
11010001
11011110
11110001
01111000
01001111
01001110
10100001
01100001
00111100
10000101
00101001
01110000
00101000
11111111
11111111
11111111
11111111
11111111
11111111
11111111
11111111
11111111
11111111
11111111
11111111
11111111
11111111
11111111
11111111
11011000
10110001
00011000
11010001
11011110
01101111
01111000
01001111
01001110
10100001
01100001
00111100
10000101
01010101
01110000
00101000
11111111
11111111
11111111
11111111
11111111
11111111
11111111
11111111
11111111
11111111
11111111
11111111
11111111
11111111
11111111
11111111
11011000
10110101
00011000
11010001
11011110
01101111
01111000
01001111
01001110
10100001
01100001
00001110
10000101
01010101
01110000
00101000
11111111
11111111
11111111
11111111
11111111
11111111
11111111
11111111
11111111
11111111
11111111
11111111
11111111
11111111
11111111
11111111
11011000
10110101
00011000
11010001
11011110
01101111
01111000
10000001
01001110
10100001
01100001
00001110
10000101
01010101
01110000
00101000
11111111
11111111
11111111
11111111
11111111
11111111
11111111
11111111
11111111
11111111
11111111
11111111
11111111
11111111
11111111
11111111
11011000
10110101
00011000
11010001
11011110
01101111
01111000
10000001
01001110
00110101
01100001
00001110
10100111
01010101
01110000
00101000
11111111
11111111
11111111
11111111
11111111
11111111
11111111
11111111
11111111
11111111
11111111
11111111
11111111
11111111
11111111
11111111
11011000
10110101
00011000
10101110
11011110
01101111
01111000
10000001
01001110
00110101
01100001
00001110
10100111
01010101
01110000
00011110
11111111
11111111
11111111
11111111
11111111
11111111
11111111
11111111
11111111
11111111
11111111
11111111
11111111
11111111
11111111
11111111
11011000
10110101
00011000
10101110
11011110
01101111
01111000
10000001
01001110
00110101
10000001
00001110
10100111
01010101
01110000
00011110
11111111
11111111
11111111
11111111
11111111
11111111
11111111
11111111
11111111
11111111
11111111
11111111
11111111
11111111
11111111
11111111
11011000
10110101
00011000
10101110
10000000
01101111
01111000
10000001
01001110
00110101
10000001
00001110
10100111
01010101
01110000
00011110
11111111
11111111
11111111
11111111
11111111
11111111
11111111
11111111
11111111
11111111
11111111
11111111
11111111
11111111
11111111
11111111
11011000
10110101
00011000
10101110
10000000
01101111
01111000
10000001
10011010
00110101
10000001
00001110
10100111
01010101
01110000
00011110
11111111
11111111
11111111
11111111
11111111
11111111
11111111
11111111
11111111
11111111
11111111
11111111
11111111
11111111
11111111
11111111
11011000
10110101
10000000
10101110
10000000
01101111
01111000
10000001
10011010
00110101
10000001
00001110
10100111
01010101
01110000
00011110
11111111
11111111
11111111
11111111
11111111
11111111
11111111
11111111
11111111
11111111
11111111
11111111
11111111
11111111
11111111
11111111
01011010
10110101
10000000
10101110
10000000
01101111
01100101
10000001
10011010
00110101
10000001
00001110
10100111
01010101
01110000
00011110
11111111
11111111
11111111
11111111
11111111
11111111
11111111
11111111
11111111
11111111
11111111
11111111
11111111
11111111
11111111
11111111
01011010
10110101
10000000
10101110
10000000
01101111
01100101
10000001
10011010
00110101
10000001
01000010
10100111
01010101
00011001
00011110
11111111
11111111
11111111
11111111
11111111
11111111
11111111
11111111
11111111
11111111
11111111
11111111
11111111
11111111
11111111
11111111
01011010
10110101
10000000
10101110
10000000
00000100
01100101
10000001
10011010
00110101
10000001
01000010
10100111
00110001
00011001
00011110
11111111
11111111
11111111
11111111
11111111
11111111
11111111
11111111
11111111
11111111
11111111
11111111
11111111
11111111
11111111
11111111
01011010
01111010
10000000
10101110
10000000
00000100
01100101
10000001
10011010
00001000
10000001
01000010
10100111
00110001
00011001
00011110
11111111
11111111
11111111
11111111
11111111
11111111
11111111
11111111
11111111
11111111
11111111
11111111
11111111
11111111
11111111
11111111
01011010
01111010
10000000
10101110
10000000
00000100
01100101
11000101
10011010
00001000
10000001
01000010
01101110
00110001
00011001
00011110
11111111
11111111
11111111
11111111
11111111
11111111
11111111
11111111
11111111
11111111
11111111
11111111
11111111
11111111
11111111
11111111
01011010
01111010
10000000
10011011
10000000
00000100
01100101
11000101
10011010
00001000
10000001
01000010
01101110
00110001
00011001
00001000
11111111
11111111
11111111
11111111
11111111
11111111
11111111
11111111
11111111
11111111
11111111
11111111
11111111
11111111
11111111
11111111
01011010
01111010
10000000
10011011
10000000
00000100
01100101
11000101
10011010
00001000
11010101
01000010
01101110
00110001
00011001
00001000
11111111
11111111
11111111
11111111
11111111
11111111
11111111
11111111
11111111
11111111
11111111
11111111
11111111
11111111
11111111
11111111
01011010
01111010
10000000
10011011
00001111
00000100
01100101
11000101
10011010
00001000
11010101
01000010
01101110
00110001
00011001
00001000
11111111
11111111
11111111
11111111
11111111
11111111
11111111
11111111
11111111
11111111
11111111
11111111
11111111
11111111
11111111
11111111
01011010
01111010
10000000
10011011
00001111
00000100
01100101
11000101
11011000
00001000
11010101
01000010
01101110
00110001
00011001
00001000
11111111
11111111
11111111
11111111
11111111
11111111
11111111
11111111
11111111
11111111
11111111
11111111
11111111
11111111
11111111
11111111
01011010
01111010
00101101
10011011
00001111
00000100
10000011
11000101
11011000
00001000
11010101
01000010
01101110
00110001
00011001
00001000
11111111
11111111
11111111
11111111
11111111
11111111
11111111
11111111
11111111
11111111
11111111
11111111
11111111
11111111
11111111
11111111
11110110
01111010
00101101
10011011
00001111
00000100
10000011
11000101
11011000
00001000
11010101
01000010
01101110
00110001
00011001
00001000
11111111
11111111
11111111
11111111
11111111
11111111
11111111
11111111
11111111
11111111
11111111
11111111
11111111
11111111
11111111
11111111
11110110
01111010
00101101
10011011
00001111
00000100
10000011
11000101
11011000
00001000
11010101
00100111
01101110
00110001
00101111
00001000
11111111
11111111
11111111
11111111
11111111
11111111
11111111
11111111
11111111
11111111
11111111
11111111
11111111
11111111
11111111
11111111
11110110
10100000
00101101
10011011
00001111
10111100
10000011
11000101
11011000
00001000
11010101
00100111
01101110
00110001
00101111
00001000
11111111
11111111
11111111
11111111
11111111
11111111
11111111
11111111
11111111
11111111
11111111
11111111
11111111
11111111
11111111
11111111
11110110
10100000
00101101
10011011
00001111
10111100
10000011
11000101
11011000
00001000
11010101
00100111
11111010
00111011
00101111
00001000
11111111
11111111
11111111
11111111
11111111
11111111
11111111
11111111
11111111
11111111
11111111
11111111
11111111
11111111
11111111
11111111
11110110
10100000
00101101
10110010
00001111
10111100
10000011
11000101
11011000
01000000
11010101
00100111
11111010
00111011
00101111
00001000
11111111
11111111
11111111
11111111
11111111
11111111
11111111
11111111
11111111
11111111
11111111
11111111
11111111
11111111
11111111
11111111
11110110
10100000
00101101
10110010
00001111
10111100
10000011
01011101
11011000
01000000
11010101
00100111
11111010
00111011
00101111
00001000
11111111
11111111
11111111
11111111
11111111
11111111
11111111
11111111
11111111
11111111
11111111
11111111
11111111
11111111
11111111
11111111
11110110
10100000
00101101
10110010
00001111
10111100
10000011
01011101
11011000
01000000
11010101
00100111
11111010
00111011
00101111
01111101
11111111
11111111
11111111
11111111
11111111
11111111
11111111
11111111
11111111
11111111
11111111
11111111
11111111
11111111
11111111
11111111
11110110
10100000
00101101
10110010
11000001
10111100
10000011
01011101
11011000
01000000
11000001
00100111
11111010
00111011
00101111
01111101
11111111
11111111
11111111
11111111
11111111
11111111
11111111
11111111
11111111
11111111
11111111
11111111
11111111
11111111
11111111
11111111
11110110
10100000
01001001
10110010
11000001
10111100
10000011
01011101
11101110
01000000
11000001
00100111
11111010
00111011
00101111
01111101
11111111
11111111
11111111
11111111
11111111
11111111
11111111
11111111
11111111
11111111
11111111
11111111
11111111
11111111
11111111
11111111
01000101
10100000
01001001
10110010
11000001
10111100
10000011
01011101
11101110
01000000
11000001
00100111
11111010
00111011
00101111
01111101
11111111
11111111
11111111
11111111
11111111
11111111
11111111
11111111
11111111
11111111
11111111
11111111
11111111
11111111
11111111
11111111
01000101
10100000
01001001
10110010
11000001
10111100
00000111
01011101
11101110
01000000
11000001
00100111
11111010
00111011
11110011
01111101
11111111
11111111
11111111
11111111
11111111
11111111
11111111
11111111
11111111
11111111
11111111
11111111
11111111
11111111
11111111
11111111
01000101
10010010
01001001
10110010
11000001
10111100
00000111
01011101
11101110
01000000
11000001
10000110
11111010
00111011
11110011
01111101
11111111
11111111
11111111
11111111
11111111
11111111
11111111
11111111
11111111
11111111
11111111
11111111
11111111
11111111
11111111
11111111
01000101
10010010
01001001
10110010
11000001
01011000
00000111
01011101
11101110
01000000
11000001
10000110
11111010
00111011
11110011
01111101
11111111
11111111
11111111
11111111
11111111
11111111
11111111
11111111
11111111
11111111
11111111
11111111
11111111
11111111
11111111
11111111
01000101
10010010
01001001
10110010
11000001
01011000
00000111
01011101
11101110
01000000
11000001
10000110
11111010
01100010
11110011
01111101
11111111
11111111
11111111
11111111
11111111
11111111
11111111
11111111
11111111
11111111
11111111
11111111
11111111
11111111
11111111
11111111
01000101
10010010
01001001
10110010
11000001
01011000
00000111
01011101
11101110
01100011
11000001
10000110
10100101
01100010
11110011
01111101
11111111
11111111
11111111
11111111
11111111
11111111
11111111
11111111
11111111
11111111
11111111
11111111
11111111
11111111
11111111
11111111
01000101
10010010
01001001
00110010
11000001
01011000
00000111
00111101
11101110
01100011
11000001
10000110
10100101
01100010
11110011
01111101
11111111
11111111
11111111
11111111
11111111
11111111
11111111
11111111
11111111
11111111
11111111
11111111
11111111
11111111
11111111
11111111
01000101
10010010
01001001
00110010
11000001
01011000
00000111
00111101
11101110
01100011
11000001
10000110
10100101
01100010
11110011
01011000
11111111
11111111
11111111
11111111
11111111
11111111
11111111
11111111
11111111
11111111
11111111
11111111
11111111
11111111
11111111
11111111
01000101
10010010
01001001
00110010
11000001
01011000
00000111
00111101
11101110
01100011
10110100
10000110
10100101
01100010
11110011
01011000
11111111
11111111
11111111
11111111
11111111
11111111
11111111
11111111
11111111
11111111
11111111
11111111
11111111
11111111
11111111
11111111
01000101
10010010
01001001
00110010
00011100
01011000
00000111
00111101
11101110
01100011
10110100
10000110
10100101
01100010
11110011
01011000
11111111
11111111
11111111
11111111
11111111
11111111
11111111
11111111
11111111
11111111
11111111
11111111
11111111
11111111
11111111
11111111
01000101
10010010
01010010
00110010
00011100
01011000
00000111
00111101
00111100
01100011
10110100
10000110
10100101
01100010
11110011
01011000
11111111
11111111
11111111
11111111
11111111
11111111
11111111
11111111
11111111
11111111
11111111
11111111
11111111
11111111
11111111
11111111
01000101
10010010
01010010
00110010
00011100
01011000
01000000
00111101
00111100
01100011
10110100
01001011
10100101
01100010
11110011
01011000
11111111
11111111
11111111
11111111
11111111
11111111
11111111
11111111
11111111
11111111
11111111
11111111
11111111
11111111
11111111
11111111
00010110
10010010
01010010
00110010
00011100
01011000
01000000
00111101
00111100
01100011
10110100
01001011
10100101
01100010
10001101
01011000
11111111
11111111
11111111
11111111
11111111
11111111
11111111
11111111
11111111
11111111
11111111
11111111
11111111
11111111
11111111
11111111
00010110
10010010
01010010
00110010
00011100
11010010
01000000
00111101
00111100
01100011
10110100
01001011
10100101
01100010
10001101
01011000
11111111
11111111
11111111
11111111
11111111
11111111
11111111
11111111
11111111
11111111
11111111
11111111
11111111
11111111
11111111
11111111
00010110
11000000
01010010
00110010
00011100
11010010
01000000
00111101
00111100
01100011
10110100
01001011
10100101
00011001
10001101
01011000
11111111
11111111
11111111
11111111
11111111
11111111
11111111
11111111
11111111
11111111
11111111
11111111
11111111
11111111
11111111
11111111
00010110
11000000
01010010
00110010
00011100
11010010
01000000
00111101
00111100
11100010
10110100
01001011
10001110
00011001
10001101
01011000
11111111
11111111
11111111
11111111
11111111
11111111
11111111
11111111
11111111
11111111
11111111
11111111
11111111
11111111
11111111
11111111
00010110
11000000
01010010
10011011
00011100
11010010
01000000
01000010
00111100
11100010
10110100
01001011
10001110
00011001
10001101
01011000
11111111
11111111
11111111
11111111
11111111
11111111
11111111
11111111
11111111
11111111
11111111
11111111
11111111
11111111
11111111
11111111
00010110
11000000
01010010
10011011
00011100
11010010
01000000
01000010
00111100
11100010
10110100
01001011
10001110
00011001
10001101
01010000
11111111
11111111
11111111
11111111
11111111
11111111
11111111
11111111
11111111
11111111
11111111
11111111
11111111
11111111
11111111
11111111
00010110
11000000
00001101
10011011
00011100
11010010
01000000
01000010
00111100
11100010
00001101
01001011
10001110
00011001
10001101
01010000
11111111
11111111
11111111
11111111
11111111
11111111
11111111
11111111
11111111
11111111
11111111
11111111
11111111
11111111
11111111
11111111
00010110
11000000
00001101
10011011
10101000
11010010
01000000
01000010
00111100
11100010
00001101
01001011
10001110
00011001
10001101
01010000
11111111
11111111
11111111
11111111
11111111
11111111
11111111
11111111
11111111
11111111
11111111
11111111
11111111
11111111
11111111
11111111
00010110
11000000
00001101
10011011
10101000
11010010
01000000
01000010
10100100
11100010
00001101
01001011
10001110
00011001
10001101
01010000
11111111
11111111
11111111
11111111
11111111
11111111
11111111
11111111
11111111
11111111
11111111
11111111
11111111
11111111
11111111
11111111
10011100
11000000
00001101
10011011
10101000
11010010
10110000
01000010
10100100
11100010
00001101
01001011
10001110
00011001
10001101
01010000
11111111
11111111
11111111
11111111
11111111
11111111
11111111
11111111
11111111
11111111
11111111
11111111
11111111
11111111
11111111
11111111
10011100
11000000
00001101
10011011
10101000
11010010
10110000
01000010
10100100
11100010
00001101
00010111
10001110
00011001
10010011
01010000
11111111
11111111
11111111
11111111
11111111
11111111
11111111
11111111
11111111
11111111
11111111
11111111
11111111
11111111
11111111
11111111
10011100
11000000
00001101
10011011
10101000
01101010
10110000
01000010
10100100
11100010
00001101
00010111
10001110
01110000
10010011
01010000
11111111
11111111
11111111
11111111
11111111
11111111
11111111
11111111
11111111
11111111
11111111
11111111
11111111
11111111
11111111
11111111
10011100
11010011
00001101
10011011
10101000
01101010
10110000
01000010
10100100
11110001
00001101
00010111
10001110
01110000
10010011
01010000
11111111
11111111
11111111
11111111
11111111
11111111
11111111
11111111
11111111
11111111
11111111
11111111
11111111
11111111
11111111
11111111
10011100
11010011
00001101
10011011
10101000
01101010
10110000
01000010
10100100
11110001
00001101
00010111
00101100
01110000
10010011
01101101
11111111
11111111
11111111
11111111
11111111
11111111
11111111
11111111
11111111
11111111
11111111
11111111
11111111
11111111
11111111
11111111
10011100
11010011
00001101
11111000
10101000
01101010
10110000
00010001
10100100
11110001
00001101
00010111
00101100
01110000
10010011
01101101
11111111
11111111
11111111
11111111
11111111
11111111
11111111
11111111
11111111
11111111
11111111
11111111
11111111
11111111
11111111
11111111
10011100
11010011
00001101
11111000
10101000
01101010
10110000
00010001
10100100
11110001
10000010
00010111
00101100
01110000
10010011
01101101
11111111
11111111
11111111
11111111
11111111
11111111
11111111
11111111
11111111
11111111
11111111
11111111
11111111
11111111
11111111
11111111
10011100
11010011
00001101
11111000
00101111
01101010
10110000
00010001
10100100
11110001
10000010
00010111
00101100
01110000
10010011
01101101
11111111
11111111
11111111
11111111
11111111
11111111
11111111
11111111
11111111
11111111
11111111
11111111
11111111
11111111
11111111
11111111
10011100
11010011
01100000
11111000
00101111
01101010
10110000
00010001
10100100
11110001
10000010
00010111
00101100
01110000
10010011
01101101
11111111
11111111
11111111
11111111
11111111
11111111
11111111
11111111
11111111
11111111
11111111
11111111
11111111
11111111
11111111
11111111
10011100
11010011
01100000
11111000
00101111
01101010
10110000
00010001
00110000
11110001
10000010
00010111
00101100
01110000
10010011
01101101
11111111
11111111
11111111
11111111
11111111
11111111
11111111
11111111
11111111
11111111
11111111
11111111
11111111
11111111
11111111
11111111
01010011
11010011
01100000
11111000
00101111
01101010
10100001
00010001
00110000
11110001
10000010
00010111
00101100
01110000
10010011
01101101
11111111
11111111
11111111
11111111
11111111
11111111
11111111
11111111
11111111
11111111
11111111
11111111
11111111
11111111
11111111
11111111
01010011
11010011
01100000
11111000
00101111
01111100
10100001
00010001
00110000
11110001
10000010
00010111
00101100
01110000
00111001
01101101
11111111
11111111
11111111
11111111
11111111
11111111
11111111
11111111
11111111
11111111
11111111
11111111
11111111
11111111
11111111
11111111
01010011
00001111
01100000
11111000
00101111
01111100
10100001
00010001
00110000
11110001
10000010
00010101
00101100
01110000
00111001
01101101
11111111
11111111
11111111
11111111
11111111
11111111
11111111
11111111
11111111
11111111
11111111
11111111
11111111
11111111
11111111
11111111
01010011
00001111
01100000
11111000
00101111
01111100
10100001
00010001
00110000
11110001
10000010
00010101
10111010
00101010
00111001
01101101
11111111
11111111
11111111
11111111
11111111
11111111
11111111
11111111
11111111
11111111
11111111
11111111
11111111
11111111
11111111
11111111
01010011
00001111
01100000
00111110
00101111
01111100
10100001
00010001
00110000
10000011
10000010
00010101
10111010
00101010
00111001
01101101
11111111
11111111
11111111
11111111
11111111
11111111
11111111
11111111
11111111
11111111
11111111
11111111
11111111
11111111
11111111
11111111
01010011
00001111
01100000
00111110
00101111
01111100
10100001
00001111
00110000
10000011
10000010
00010101
10111010
00101010
00111001
01101101
11111111
11111111
11111111
11111111
11111111
11111111
11111111
11111111
11111111
11111111
11111111
11111111
11111111
11111111
11111111
11111111
01010011
00001111
01100000
00111110
00101111
01111100
10100001
00001111
00110000
10000011
10000010
00010101
10111010
00101010
00111001
00101111
11111111
11111111
11111111
11111111
11111111
11111111
11111111
11111111
11111111
11111111
11111111
11111111
11111111
11111111
11111111
11111111
01010011
00001111
01100000
00111110
00101111
01111100
10100001
00001111
00110000
10000011
01011111
00010101
10111010
00101010
00111001
00101111
11111111
11111111
11111111
11111111
11111111
11111111
11111111
11111111
11111111
11111111
11111111
11111111
11111111
11111111
11111111
11111111
01010011
00001111
01100000
00111110
10010010
01111100
00000100
00001111
00110000
10000011
01011111
00010101
10111010
00101010
00111001
00101111
11111111
11111111
11111111
11111111
11111111
11111111
11111111
11111111
11111111
11111111
11111111
11111111
11111111
11111111
11111111
11111111
01010011
00001111
10101001
00111110
10010010
01111100
00000100
00001111
01110010
10000011
01011111
00010101
10111010
00101010
00111001
00101111
11111111
11111111
11111111
11111111
11111111
11111111
11111111
11111111
11111111
11111111
11111111
11111111
11111111
11111111
11111111
11111111
00101110
00001111
10101001
00111110
10010010
11101111
00000100
00001111
01110010
10000011
01011111
00010101
10111010
00101010
00111001
00101111
11111111
11111111
11111111
11111111
11111111
11111111
11111111
11111111
11111111
11111111
11111111
11111111
11111111
11111111
11111111
11111111
00101110
00001111
10101001
00111110
10010010
11101111
00000100
00001111
01110010
10000011
01011111
10101101
10111010
00101010
10101110
00101111
11111111
11111111
11111111
11111111
11111111
11111111
11111111
11111111
11111111
11111111
11111111
11111111
11111111
11111111
11111111
11111111
00101110
11101101
10101001
00111110
10010010
11101111
00000100
00001111
01110010
10000011
01011111
10101101
10111010
11101101
10101110
00101111
11111111
11111111
11111111
11111111
11111111
11111111
11111111
11111111
11111111
11111111
11111111
11111111
11111111
11111111
11111111
11111111
00101110
11101101
10101001
00111110
10010010
11101111
00000100
00001111
01110010
10100110
01011111
10101101
00011110
11101101
10101110
00101111
11111111
11111111
11111111
11111111
11111111
11111111
11111111
11111111
11111111
11111111
11111111
11111111
11111111
11111111
11111111
11111111
00101110
11101101
10101001
00111110
10010010
11101111
00000100
00001111
01110010
10100110
01011111
10101101
00011110
11101101
10101110
11100101
11111111
11111111
11111111
11111111
11111111
11111111
11111111
11111111
11111111
11111111
11111111
11111111
11111111
11111111
11111111
11111111
00101110
11101101
10101001
01011100
10010010
11101111
00000100
10101100
01110010
10100110
01011111
10101101
00011110
11101101
10101110
11100101
11111111
11111111
11111111
11111111
11111111
11111111
11111111
11111111
11111111
11111111