11100100
11100100
11100100
11100101
11100101
11000101
11100101
11100101
11100101
11100101
11100101
11000101
11100101
11100101
11100101
11100101
11000101
11100101
11100101
11100101
11000101
11100101
11100101
11100101
11000101
11100101
11100101
11000101
11100101
11100101
11000101
11100101
10000101
10100101
11100101
11100101
11100101
11000101
11100101
11100101
11100101
11000101
11100101
11100101
11100101
11000101
11100101
11100101
11100101
11000101
11100101
11100101
11000101
11100101
11100101
11000101
11100101
11100101
11010101
11110101
01110101
01010101
01110101
01111101
11111011
10011011
10100011
11110011
01110011
01110011
01111011
01111011
11111111
11111011
11100011
11110011
01110011
01110011
01111011
01111011
11111111
11111011
11100011
11110011
01110011
01110011
01111011
01111011
11111111
11111011
11100011
11110011
01110011
01110011
01111011
01111011
11111111
11111011
11100011
11110011
01110011
01110011
01111011
01111011
11111111
11111011
11100011
11110011
01110011
01110011
01111011
01111011
11111111
11111011
11100011
11110011
01110011
01110011
01111011
01111011
11111111
11111011
11100011
11110011
01110011
01110011
01111011
01111011
11111111
11111011
11100011
11110011
01110011
01110011
01111011
01111011
11111111
11111011
11100011
11110011
01110011
01110011
01111011
01111011
11111111
11111011
11100011
11110011
01110011
01110011
01111011
01111011
11111111
11111011
11100011
11110011
01110011
01110011
01111011
01111011
11111111
11111011
11100011
11110011
01110011
01110011
01111011
01111011
11111111
11111011
11100011
11110011
01110011
01110011
01111011
01111011
11111111
11111011
11100011
11110011
11110011
11110011
11111011
11111011
11111111
11111011
11100011
11110011
11110011
11110011
11111011
11111011
11111111
11111011
11100011
11110011
11110011
11110011
11111011
11111011
11111111
11111011
11100011
11110011
11110011
11110011
11111011
11111011
11111111
11111011
11100011
11110011
11110011
11110011
11111011
11111011
11111111
11111011
11100011
11110011
11110011
11110011
11111011
11111011
11111111
11111011
11100011
11110011
11110011
11110011
11111011
11111011
11111111
11111011
11100011
11110011
11110011
11110011
11111011
11111011
11111111
11111011
11100011
11110011
11110011
11110011
11111011
11111011
11111111
11111011
11100011
11100011
11101011
11100010
11000010
11100010