v3.0 hex words addressed
0000: 00 00 00 00 00 00 00 00 00 00 00 00 00 00 00 00
0010: 05 00 07 00 09 00 0b 00 0e 00 10 00 14 00 16 00
0020: 17 00 19 00 1c 00 1f 00 21 00 23 00 25 90 06 40
0030: 05 f0 03 a0 02 c0 09 80 07 40 05 00 03 00 00 00
0040: 00 00 00 00 00 00 00 00 00 00 00 00 00 00 00 00
0050: 05 00 07 00 09 00 0b 00 0e 00 10 00 14 00 16 00
0060: 17 00 19 00 1c 00 1f 00 21 00 23 00 25 d0 07 80
0070: 06 30 05 e0 03 00 0b c0 08 80 06 40 04 00 00 00
0080: 00 00 00 00 00 00 00 00 00 00 00 00 00 00 00 00
0090: 05 00 07 00 09 00 0b 00 0e 00 10 00 14 00 16 00
00a0: 17 00 19 00 1c 00 1f 00 21 00 23 00 25 50 05 00
00b0: 04 b0 02 60 01 80 08 40 06 00 04 c0 01 00 00 00
00c0: 00 00 00 00 00 00 00 00 00 00 00 00 00 00 00 00
00d0: 05 00 07 00 09 00 0b 00 0e 00 10 00 14 00 16 00
00e0: 17 00 19 00 1c 00 1f 00 21 00 23 00 25 10 04 c0
00f0: 02 70 01 20 00 40 07 00 05 c0 02 80 00 00 00 00
0100: 00 00 00 00 00 00 00 00 00 00 00 00 00 00 00 00
0110: 05 00 07 00 09 00 0b 00 0e 00 10 00 14 00 16 00
0120: 17 00 19 00 1c 00 1f 00 21 00 23 00 25 50 0a 00
0130: 09 b0 07 60 06 80 0d 40 0b 00 09 c0 06 00 00 00
0140: 00 00 00 00 00 00 00 00 00 00 00 00 00 00 00 00
0150: 05 00 07 00 09 00 0b 00 0e 00 10 00 14 00 16 00
0160: 17 00 19 00 1c 00 1f 00 21 00 23 00 25 10 09 c0
0170: 07 70 06 20 05 40 0c 00 0a c0 07 80 05 00 00 00
0180: 00 00 00 00 00 00 00 00 00 00 00 00 00 00 00 00
0190: 05 00 07 00 09 00 0b 00 0e 00 10 00 14 00 16 00
01a0: 17 00 19 00 1c 00 1f 00 21 00 23 00 25 90 0b 40
01b0: 0a f0 08 a0 07 c0 0e 80 0c 40 0a 00 08 00 00 00
01c0: 00 00 00 00 00 00 00 00 00 00 00 00 00 00 00 00
01d0: 05 00 07 00 09 00 0b 00 0e 00 10 00 14 00 16 00
01e0: 17 00 19 00 1c 00 1f 00 21 00 23 00 25 10 0e c0
01f0: 0c 70 0b 20 0a 40 11 00 0f c0 0c 80 0a 00 00 00
0200: 00 00 00 00 00 00 00 00 00 00 00 00 00 00 00 00
0210: 08 00 0a 00 0b 00 10 00 11 00 15 00 16 00 19 00
0220: 1c 00 1f 00 22 00 24 00 27 00 2a 00 2c e0 07 20
0230: 06 60 04 a0 02 20 0c 20 09 20 06 20 03 00 00 00
0240: 00 00 00 00 00 00 00 00 00 00 00 00 00 00 00 00
0250: 08 00 0a 00 0b 00 10 00 11 00 15 00 16 00 19 00
0260: 1c 00 1f 00 22 00 24 00 27 00 2a 00 2c 20 09 60
0270: 07 a0 05 e0 03 60 0d 60 0a 60 07 60 04 00 00 00
0280: 00 00 00 00 00 00 00 00 00 00 00 00 00 00 00 00
0290: 08 00 0a 00 0b 00 10 00 11 00 15 00 16 00 19 00
02a0: 1c 00 1f 00 22 00 24 00 27 00 2a 00 2c a0 06 e0
02b0: 04 20 03 60 01 e0 0a e0 07 e0 04 e0 01 00 00 00
02c0: 00 00 00 00 00 00 00 00 00 00 00 00 00 00 00 00
02d0: 08 00 0a 00 0b 00 10 00 11 00 15 00 16 00 19 00
02e0: 1c 00 1f 00 22 00 24 00 27 00 2a 00 2c 60 05 a0
02f0: 03 e0 01 20 00 a0 09 a0 06 a0 03 a0 00 00 00 00
0300: 00 00 00 00 00 00 00 00 00 00 00 00 00 00 00 00
0310: 08 00 0a 00 0b 00 10 00 11 00 15 00 16 00 19 00
0320: 1c 00 1f 00 22 00 24 00 27 00 2a 00 2c a0 0b e0
0330: 09 20 08 60 06 e0 0f e0 0c e0 09 e0 06 00 00 00
0340: 00 00 00 00 00 00 00 00 00 00 00 00 00 00 00 00
0350: 08 00 0a 00 0b 00 10 00 11 00 15 00 16 00 19 00
0360: 1c 00 1f 00 22 00 24 00 27 00 2a 00 2c 60 0a a0
0370: 08 e0 06 20 05 a0 0e a0 0b a0 08 a0 05 00 00 00
0380: 00 00 00 00 00 00 00 00 00 00 00 00 00 00 00 00
0390: 08 00 0a 00 0b 00 10 00 11 00 15 00 16 00 19 00
03a0: 1c 00 1f 00 22 00 24 00 27 00 2a 00 2c e0 0c 20
03b0: 0b 60 09 a0 07 20 11 20 0e 20 0b 20 08 00 00 00
03c0: 00 00 00 00 00 00 00 00 00 00 00 00 00 00 00 00
03d0: 08 00 0a 00 0b 00 10 00 11 00 15 00 16 00 19 00
03e0: 1c 00 1f 00 22 00 24 00 27 00 2a 00 2c 60 0f a0
03f0: 0d e0 0b 20 0a a0 13 a0 10 a0 0d a0 0a 00 00 00
0400: 00 00 00 00 00 00 00 00 00 00 00 00 00 00 00 00
0410: 03 00 05 00 06 00 08 00 0b 00 0c 00 0e 00 11 00
0420: 12 00 14 00 17 00 18 00 19 00 1d 00 1e 40 05 60
0430: 04 80 03 a0 02 60 07 e0 05 60 04 e0 02 00 00 00
0440: 00 00 00 00 00 00 00 00 00 00 00 00 00 00 00 00
0450: 03 00 05 00 06 00 08 00 0b 00 0c 00 0e 00 11 00
0460: 12 00 14 00 17 00 18 00 19 00 1d 00 1e 80 06 a0
0470: 05 c0 04 e0 03 a0 08 20 07 a0 05 20 04 00 00 00
0480: 00 00 00 00 00 00 00 00 00 00 00 00 00 00 00 00
0490: 03 00 05 00 06 00 08 00 0b 00 0c 00 0e 00 11 00
04a0: 12 00 14 00 17 00 18 00 19 00 1d 00 1e 00 04 20
04b0: 03 40 02 60 01 20 06 a0 04 20 03 a0 01 00 00 00
04c0: 00 00 00 00 00 00 00 00 00 00 00 00 00 00 00 00
04d0: 03 00 05 00 06 00 08 00 0b 00 0c 00 0e 00 11 00
04e0: 12 00 14 00 17 00 18 00 19 00 1d 00 1e c0 02 e0
04f0: 01 00 01 20 00 e0 04 60 03 e0 01 60 00 00 00 00
0500: 00 00 00 00 00 00 00 00 00 00 00 00 00 00 00 00
0510: 03 00 05 00 06 00 08 00 0b 00 0c 00 0e 00 11 00
0520: 12 00 14 00 17 00 18 00 19 00 1d 00 1e 00 09 20
0530: 08 40 07 60 06 20 0b a0 09 20 08 a0 06 00 00 00
0540: 00 00 00 00 00 00 00 00 00 00 00 00 00 00 00 00
0550: 03 00 05 00 06 00 08 00 0b 00 0c 00 0e 00 11 00
0560: 12 00 14 00 17 00 18 00 19 00 1d 00 1e c0 07 e0
0570: 06 00 06 20 05 e0 09 60 08 e0 06 60 05 00 00 00
0580: 00 00 00 00 00 00 00 00 00 00 00 00 00 00 00 00
0590: 03 00 05 00 06 00 08 00 0b 00 0c 00 0e 00 11 00
05a0: 12 00 14 00 17 00 18 00 19 00 1d 00 1e 40 0a 60
05b0: 09 80 08 a0 07 60 0c e0 0a 60 09 e0 07 00 00 00
05c0: 00 00 00 00 00 00 00 00 00 00 00 00 00 00 00 00
05d0: 03 00 05 00 06 00 08 00 0b 00 0c 00 0e 00 11 00
05e0: 12 00 14 00 17 00 18 00 19 00 1d 00 1e c0 0c e0
05f0: 0b 00 0b 20 0a e0 0e 60 0d e0 0b 60 0a 00 00 00
0600: 00 00 00 00 00 00 00 00 00 00 00 00 00 00 00 00
0610: 02 00 04 00 05 00 07 00 08 00 09 00 0b 00 0d 00
0620: 0e 00 0f 00 10 00 12 00 14 00 15 00 16 f0 03 80
0630: 03 10 03 a0 02 00 05 40 04 80 03 c0 02 00 00 00
0640: 00 00 00 00 00 00 00 00 00 00 00 00 00 00 00 00
0650: 02 00 04 00 05 00 07 00 08 00 09 00 0b 00 0d 00
0660: 0e 00 0f 00 10 00 12 00 14 00 15 00 16 30 05 c0
0670: 04 50 04 e0 03 40 06 80 05 c0 04 00 04 00 00 00
0680: 00 00 00 00 00 00 00 00 00 00 00 00 00 00 00 00
0690: 02 00 04 00 05 00 07 00 08 00 09 00 0b 00 0d 00
06a0: 0e 00 0f 00 10 00 12 00 14 00 15 00 16 b0 02 40
06b0: 02 d0 01 60 01 c0 03 00 03 40 02 80 01 00 00 00
06c0: 00 00 00 00 00 00 00 00 00 00 00 00 00 00 00 00
06d0: 02 00 04 00 05 00 07 00 08 00 09 00 0b 00 0d 00
06e0: 0e 00 0f 00 10 00 12 00 14 00 15 00 16 70 01 00
06f0: 01 90 00 20 00 80 02 c0 01 00 01 40 00 00 00 00
0700: 00 00 00 00 00 00 00 00 00 00 00 00 00 00 00 00
0710: 02 00 04 00 05 00 07 00 08 00 09 00 0b 00 0d 00
0720: 0e 00 0f 00 10 00 12 00 14 00 15 00 16 b0 07 40
0730: 07 d0 06 60 06 c0 08 00 08 40 07 80 06 00 00 00
0740: 00 00 00 00 00 00 00 00 00 00 00 00 00 00 00 00
0750: 02 00 04 00 05 00 07 00 08 00 09 00 0b 00 0d 00
0760: 0e 00 0f 00 10 00 12 00 14 00 15 00 16 70 06 00
0770: 06 90 05 20 05 80 07 c0 06 00 06 40 05 00 00 00
0780: 00 00 00 00 00 00 00 00 00 00 00 00 00 00 00 00
0790: 02 00 04 00 05 00 07 00 08 00 09 00 0b 00 0d 00
07a0: 0e 00 0f 00 10 00 12 00 14 00 15 00 16 f0 08 80
07b0: 08 10 08 a0 07 00 0a 40 09 80 08 c0 07 00 00 00
07c0: 00 00 00 00 00 00 00 00 00 00 00 00 00 00 00 00
07d0: 02 00 04 00 05 00 07 00 08 00 09 00 0b 00 0d 00
07e0: 0e 00 0f 00 10 00 12 00 14 00 15 00 16 70 0b 00
07f0: 0b 90 0a 20 0a 80 0c c0 0b 00 0b 40 0a 00 00 00
0800: 00 00 00 00 00 00 00 00 00 00 00 00 00 00 00 00
0810: 0f 00 10 00 11 00 14 00 15 00 19 00 1c 00 20 00
0820: 24 00 28 00 2c 00 2f 00 34 00 3b 00 3f 80 0a e0
0830: 07 40 05 a0 02 e0 10 60 0c e0 07 60 03 00 00 00
0840: 00 00 00 00 00 00 00 00 00 00 00 00 00 00 00 00
0850: 0f 00 10 00 11 00 14 00 15 00 19 00 1c 00 20 00
0860: 24 00 28 00 2c 00 2f 00 34 00 3b 00 3f c0 0b 20
0870: 09 80 06 e0 03 20 12 a0 0d 20 09 a0 04 00 00 00
0880: 00 00 00 00 00 00 00 00 00 00 00 00 00 00 00 00
0890: 0f 00 10 00 11 00 14 00 15 00 19 00 1c 00 20 00
08a0: 24 00 28 00 2c 00 2f 00 34 00 3b 00 3f 40 09 a0
08b0: 06 00 04 60 01 a0 0f 20 0b a0 06 20 02 00 00 00
08c0: 00 00 00 00 00 00 00 00 00 00 00 00 00 00 00 00
08d0: 0f 00 10 00 11 00 14 00 15 00 19 00 1c 00 20 00
08e0: 24 00 28 00 2c 00 2f 00 34 00 3b 00 3f 00 08 60
08f0: 05 c0 02 20 00 60 0e e0 09 60 05 e0 00 00 00 00
0900: 00 00 00 00 00 00 00 00 00 00 00 00 00 00 00 00
0910: 0f 00 10 00 11 00 14 00 15 00 19 00 1c 00 20 00
0920: 24 00 28 00 2c 00 2f 00 34 00 3b 00 3f 40 0e a0
0930: 0b 00 09 60 06 a0 14 20 10 a0 0b 20 07 00 00 00
0940: 00 00 00 00 00 00 00 00 00 00 00 00 00 00 00 00
0950: 0f 00 10 00 11 00 14 00 15 00 19 00 1c 00 20 00
0960: 24 00 28 00 2c 00 2f 00 34 00 3b 00 3f 00 0d 60
0970: 0a c0 07 20 05 60 13 e0 0e 60 0a e0 05 00 00 00
0980: 00 00 00 00 00 00 00 00 00 00 00 00 00 00 00 00
0990: 0f 00 10 00 11 00 14 00 15 00 19 00 1c 00 20 00
09a0: 24 00 28 00 2c 00 2f 00 34 00 3b 00 3f 80 0f e0
09b0: 0c 40 0a a0 07 e0 15 60 11 e0 0c 60 08 00 00 00
09c0: 00 00 00 00 00 00 00 00 00 00 00 00 00 00 00 00
09d0: 0f 00 10 00 11 00 14 00 15 00 19 00 1c 00 20 00
09e0: 24 00 28 00 2c 00 2f 00 34 00 3b 00 3f 00 12 60
09f0: 0f c0 0c 20 0a 60 18 e0 13 60 0f e0 0a 00 00 00
0a00: 00 00 00 00 00 00 00 00 00 00 00 00 00 00 00 00
0a10: 0b 00 0e 00 0f 00 11 00 14 00 17 00 1b 00 1d 00
0a20: 20 00 24 00 28 00 2a 00 2e 00 32 00 37 30 09 00
0a30: 07 d0 04 a0 02 80 0e c0 0a 00 07 40 03 00 00 00
0a40: 00 00 00 00 00 00 00 00 00 00 00 00 00 00 00 00
0a50: 0b 00 0e 00 0f 00 11 00 14 00 17 00 1b 00 1d 00
0a60: 20 00 24 00 28 00 2a 00 2e 00 32 00 37 70 0a 40
0a70: 08 10 06 e0 03 c0 0f 00 0c 40 08 80 04 00 00 00
0a80: 00 00 00 00 00 00 00 00 00 00 00 00 00 00 00 00
0a90: 0b 00 0e 00 0f 00 11 00 14 00 17 00 1b 00 1d 00
0aa0: 20 00 24 00 28 00 2a 00 2e 00 32 00 37 f0 07 c0
0ab0: 05 90 03 60 01 40 0d 80 09 c0 05 00 02 00 00 00
0ac0: 00 00 00 00 00 00 00 00 00 00 00 00 00 00 00 00
0ad0: 0b 00 0e 00 0f 00 11 00 14 00 17 00 1b 00 1d 00
0ae0: 20 00 24 00 28 00 2a 00 2e 00 32 00 37 b0 06 80
0af0: 04 50 02 20 00 00 0c 40 08 80 04 c0 00 00 00 00
0b00: 00 00 00 00 00 00 00 00 00 00 00 00 00 00 00 00
0b10: 0b 00 0e 00 0f 00 11 00 14 00 17 00 1b 00 1d 00
0b20: 20 00 24 00 28 00 2a 00 2e 00 32 00 37 f0 0c c0
0b30: 0a 90 08 60 06 40 12 80 0e c0 0a 00 07 00 00 00
0b40: 00 00 00 00 00 00 00 00 00 00 00 00 00 00 00 00
0b50: 0b 00 0e 00 0f 00 11 00 14 00 17 00 1b 00 1d 00
0b60: 20 00 24 00 28 00 2a 00 2e 00 32 00 37 b0 0b 80
0b70: 09 50 07 20 05 00 11 40 0d 80 09 c0 05 00 00 00
0b80: 00 00 00 00 00 00 00 00 00 00 00 00 00 00 00 00
0b90: 0b 00 0e 00 0f 00 11 00 14 00 17 00 1b 00 1d 00
0ba0: 20 00 24 00 28 00 2a 00 2e 00 32 00 37 30 0e 00
0bb0: 0c d0 09 a0 07 80 13 c0 0f 00 0c 40 08 00 00 00
0bc0: 00 00 00 00 00 00 00 00 00 00 00 00 00 00 00 00
0bd0: 0b 00 0e 00 0f 00 11 00 14 00 17 00 1b 00 1d 00
0be0: 20 00 24 00 28 00 2a 00 2e 00 32 00 37 b0 10 80
0bf0: 0e 50 0c 20 0a 00 16 40 12 80 0e c0 0a 00 00 00
0c00: 00 00 00 00 00 00 00 00 00 00 00 00 00 00 00 00
0c10: 14 00 16 00 19 00 1c 00 20 00 22 00 25 00 2a 00
0c20: 2d 00 2f 00 31 00 35 00 37 00 3b 00 3f d0 0b c0
0c30: 08 b0 05 a0 02 40 13 00 0e c0 08 80 03 00 00 00
0c40: 00 00 00 00 00 00 00 00 00 00 00 00 00 00 00 00
0c50: 14 00 16 00 19 00 1c 00 20 00 22 00 25 00 2a 00
0c60: 2d 00 2f 00 31 00 35 00 37 00 3b 00 3f 10 0d 00
0c70: 0a f0 06 e0 03 80 14 40 0f 00 0a c0 04 00 00 00
0c80: 00 00 00 00 00 00 00 00 00 00 00 00 00 00 00 00
0c90: 14 00 16 00 19 00 1c 00 20 00 22 00 25 00 2a 00
0ca0: 2d 00 2f 00 31 00 35 00 37 00 3b 00 3f 90 0a 80
0cb0: 07 70 04 60 01 00 12 c0 0c 80 07 40 02 00 00 00
0cc0: 00 00 00 00 00 00 00 00 00 00 00 00 00 00 00 00
0cd0: 14 00 16 00 19 00 1c 00 20 00 22 00 25 00 2a 00
0ce0: 2d 00 2f 00 31 00 35 00 37 00 3b 00 3f 50 09 40
0cf0: 06 30 03 20 00 c0 10 80 0b 40 06 00 01 00 00 00
0d00: 00 00 00 00 00 00 00 00 00 00 00 00 00 00 00 00
0d10: 14 00 16 00 19 00 1c 00 20 00 22 00 25 00 2a 00
0d20: 2d 00 2f 00 31 00 35 00 37 00 3b 00 3f 90 0f 80
0d30: 0c 70 09 60 06 00 17 c0 11 80 0c 40 07 00 00 00
0d40: 00 00 00 00 00 00 00 00 00 00 00 00 00 00 00 00
0d50: 14 00 16 00 19 00 1c 00 20 00 22 00 25 00 2a 00
0d60: 2d 00 2f 00 31 00 35 00 37 00 3b 00 3f 50 0e 40
0d70: 0b 30 08 20 05 c0 15 80 10 40 0b 00 06 00 00 00
0d80: 00 00 00 00 00 00 00 00 00 00 00 00 00 00 00 00
0d90: 14 00 16 00 19 00 1c 00 20 00 22 00 25 00 2a 00
0da0: 2d 00 2f 00 31 00 35 00 37 00 3b 00 3f d0 10 c0
0db0: 0d b0 0a a0 07 40 18 00 13 c0 0d 80 08 00 00 00
0dc0: 00 00 00 00 00 00 00 00 00 00 00 00 00 00 00 00
0dd0: 14 00 16 00 19 00 1c 00 20 00 22 00 25 00 2a 00
0de0: 2d 00 2f 00 31 00 35 00 37 00 3b 00 3f 50 13 40
0df0: 10 30 0d 20 0a c0 1a 80 15 40 10 00 0b 00 00 00
0e00: 00 00 00 00 00 00 00 00 00 00 00 00 00 00 00 00
0e10: 19 00 1d 00 1f 00 21 00 25 00 29 00 2b 00 30 00
0e20: 32 00 34 00 37 00 38 00 3a 00 3d 00 3f 20 0d a0
0e30: 09 20 06 a0 02 a0 15 a0 0f a0 09 a0 03 00 00 00
0e40: 00 00 00 00 00 00 00 00 00 00 00 00 00 00 00 00
0e50: 19 00 1d 00 1f 00 21 00 25 00 29 00 2b 00 30 00
0e60: 32 00 34 00 37 00 38 00 3a 00 3d 00 3f 60 0e e0
0e70: 0a 60 07 e0 03 e0 16 e0 10 e0 0a e0 04 00 00 00
0e80: 00 00 00 00 00 00 00 00 00 00 00 00 00 00 00 00
0e90: 19 00 1d 00 1f 00 21 00 25 00 29 00 2b 00 30 00
0ea0: 32 00 34 00 37 00 38 00 3a 00 3d 00 3f e0 0b 60
0eb0: 08 e0 04 60 01 60 14 60 0e 60 08 60 02 00 00 00
0ec0: 00 00 00 00 00 00 00 00 00 00 00 00 00 00 00 00
0ed0: 19 00 1d 00 1f 00 21 00 25 00 29 00 2b 00 30 00
0ee0: 32 00 34 00 37 00 38 00 3a 00 3d 00 3f a0 0a 20
0ef0: 07 a0 03 20 00 20 13 20 0d 20 07 20 01 00 00 00
0f00: 00 00 00 00 00 00 00 00 00 00 00 00 00 00 00 00
0f10: 19 00 1d 00 1f 00 21 00 25 00 29 00 2b 00 30 00
0f20: 32 00 34 00 37 00 38 00 3a 00 3d 00 3f e0 10 60
0f30: 0d e0 09 60 06 60 19 60 13 60 0d 60 07 00 00 00
0f40: 00 00 00 00 00 00 00 00 00 00 00 00 00 00 00 00
0f50: 19 00 1d 00 1f 00 21 00 25 00 29 00 2b 00 30 00
0f60: 32 00 34 00 37 00 38 00 3a 00 3d 00 3f a0 0f 20
0f70: 0c a0 08 20 05 20 18 20 12 20 0c 20 06 00 00 00
0f80: 00 00 00 00 00 00 00 00 00 00 00 00 00 00 00 00
0f90: 19 00 1d 00 1f 00 21 00 25 00 29 00 2b 00 30 00
0fa0: 32 00 34 00 37 00 38 00 3a 00 3d 00 3f 20 12 a0
0fb0: 0e 20 0b a0 07 a0 1a a0 14 a0 0e a0 08 00 00 00
0fc0: 00 00 00 00 00 00 00 00 00 00 00 00 00 00 00 00
0fd0: 19 00 1d 00 1f 00 21 00 25 00 29 00 2b 00 30 00
0fe0: 32 00 34 00 37 00 38 00 3a 00 3d 00 3f a0 14 20
0ff0: 11 a0 0d 20 0a 20 1d 20 17 20 11 20 0b 00 00 00
1000: 00 00 00 00 00 00 00 00 00 00 00 00 00 00 00 00
1010: 05 00 07 00 09 00 0b 00 0e 00 10 00 14 00 16 00
1020: 17 00 19 00 1c 00 1f 00 21 00 23 00 25 90 15 40
1030: 14 f0 12 a0 11 c0 18 80 16 40 14 00 12 00 00 00
1040: 00 00 00 00 00 00 00 00 00 00 00 00 00 00 00 00
1050: 05 00 07 00 09 00 0b 00 0e 00 10 00 14 00 16 00
1060: 17 00 19 00 1c 00 1f 00 21 00 23 00 25 50 19 00
1070: 18 b0 16 60 15 80 1c 40 1a 00 18 c0 15 00 00 00
1080: 00 00 00 00 00 00 00 00 00 00 00 00 00 00 00 00
1090: 05 00 07 00 09 00 0b 00 0e 00 10 00 14 00 16 00
10a0: 17 00 19 00 1c 00 1f 00 21 00 23 00 25 10 13 c0
10b0: 11 70 10 20 0f 40 16 00 14 c0 11 80 0f 00 00 00
10c0: 00 00 00 00 00 00 00 00 00 00 00 00 00 00 00 00
10d0: 05 00 07 00 09 00 0b 00 0e 00 10 00 14 00 16 00
10e0: 17 00 19 00 1c 00 1f 00 21 00 23 00 25 90 10 40
10f0: 0f f0 0d a0 0c c0 13 80 11 40 0f 00 0d 00 00 00
1100: 00 00 00 00 00 00 00 00 00 00 00 00 00 00 00 00
1110: 05 00 07 00 09 00 0b 00 0e 00 10 00 14 00 16 00
1120: 17 00 19 00 1c 00 1f 00 21 00 23 00 25 10 22 c0
1130: 20 70 1f 20 1e 40 25 00 23 c0 20 80 1e 00 00 00
1140: 00 00 00 00 00 00 00 00 00 00 00 00 00 00 00 00
1150: 05 00 07 00 09 00 0b 00 0e 00 10 00 14 00 16 00
1160: 17 00 19 00 1c 00 1f 00 21 00 23 00 25 10 1d c0
1170: 1b 70 1a 20 19 40 20 00 1e c0 1b 80 19 00 00 00
1180: 00 00 00 00 00 00 00 00 00 00 00 00 00 00 00 00
1190: 05 00 07 00 09 00 0b 00 0e 00 10 00 14 00 16 00
11a0: 17 00 19 00 1c 00 1f 00 21 00 23 00 25 10 27 c0
11b0: 25 70 24 20 23 40 2a 00 28 c0 25 80 23 00 00 00
11c0: 00 00 00 00 00 00 00 00 00 00 00 00 00 00 00 00
11d0: 05 00 07 00 09 00 0b 00 0e 00 10 00 14 00 16 00
11e0: 17 00 19 00 1c 00 1f 00 21 00 23 00 25 10 2c c0
11f0: 2a 70 29 20 28 40 2f 00 2d c0 2a 80 28 00 00 00
1200: 00 00 00 00 00 00 00 00 00 00 00 00 00 00 00 00
1210: 08 00 0a 00 0b 00 10 00 11 00 15 00 16 00 19 00
1220: 1c 00 1f 00 22 00 24 00 27 00 2a 00 2c e0 16 20
1230: 15 60 13 a0 11 20 1b 20 18 20 15 20 12 00 00 00
1240: 00 00 00 00 00 00 00 00 00 00 00 00 00 00 00 00
1250: 08 00 0a 00 0b 00 10 00 11 00 15 00 16 00 19 00
1260: 1c 00 1f 00 22 00 24 00 27 00 2a 00 2c a0 1a e0
1270: 18 20 17 60 15 e0 1e e0 1b e0 18 e0 15 00 00 00
1280: 00 00 00 00 00 00 00 00 00 00 00 00 00 00 00 00
1290: 08 00 0a 00 0b 00 10 00 11 00 15 00 16 00 19 00
12a0: 1c 00 1f 00 22 00 24 00 27 00 2a 00 2c 60 14 a0
12b0: 12 e0 10 20 0f a0 18 a0 15 a0 12 a0 0f 00 00 00
12c0: 00 00 00 00 00 00 00 00 00 00 00 00 00 00 00 00
12d0: 08 00 0a 00 0b 00 10 00 11 00 15 00 16 00 19 00
12e0: 1c 00 1f 00 22 00 24 00 27 00 2a 00 2c e0 11 20
12f0: 10 60 0e a0 0c 20 16 20 13 20 10 20 0d 00 00 00
1300: 00 00 00 00 00 00 00 00 00 00 00 00 00 00 00 00
1310: 08 00 0a 00 0b 00 10 00 11 00 15 00 16 00 19 00
1320: 1c 00 1f 00 22 00 24 00 27 00 2a 00 2c 60 23 a0
1330: 21 e0 1f 20 1e a0 27 a0 24 a0 21 a0 1e 00 00 00
1340: 00 00 00 00 00 00 00 00 00 00 00 00 00 00 00 00
1350: 08 00 0a 00 0b 00 10 00 11 00 15 00 16 00 19 00
1360: 1c 00 1f 00 22 00 24 00 27 00 2a 00 2c 60 1e a0
1370: 1c e0 1a 20 19 a0 22 a0 1f a0 1c a0 19 00 00 00
1380: 00 00 00 00 00 00 00 00 00 00 00 00 00 00 00 00
1390: 08 00 0a 00 0b 00 10 00 11 00 15 00 16 00 19 00
13a0: 1c 00 1f 00 22 00 24 00 27 00 2a 00 2c 60 28 a0
13b0: 26 e0 24 20 23 a0 2c a0 29 a0 26 a0 23 00 00 00
13c0: 00 00 00 00 00 00 00 00 00 00 00 00 00 00 00 00
13d0: 08 00 0a 00 0b 00 10 00 11 00 15 00 16 00 19 00
13e0: 1c 00 1f 00 22 00 24 00 27 00 2a 00 2c 60 2d a0
13f0: 2b e0 29 20 28 a0 31 a0 2e a0 2b a0 28 00 00 00
1400: 00 00 00 00 00 00 00 00 00 00 00 00 00 00 00 00
1410: 03 00 05 00 06 00 08 00 0b 00 0c 00 0e 00 11 00
1420: 12 00 14 00 17 00 18 00 19 00 1d 00 1e 40 14 60
1430: 13 80 12 a0 11 60 16 e0 14 60 13 e0 11 00 00 00
1440: 00 00 00 00 00 00 00 00 00 00 00 00 00 00 00 00
1450: 03 00 05 00 06 00 08 00 0b 00 0c 00 0e 00 11 00
1460: 12 00 14 00 17 00 18 00 19 00 1d 00 1e 00 18 20
1470: 17 40 16 60 15 20 1a a0 18 20 17 a0 15 00 00 00
1480: 00 00 00 00 00 00 00 00 00 00 00 00 00 00 00 00
1490: 03 00 05 00 06 00 08 00 0b 00 0c 00 0e 00 11 00
14a0: 12 00 14 00 17 00 18 00 19 00 1d 00 1e c0 11 e0
14b0: 10 00 10 20 0f e0 13 60 12 e0 10 60 0f 00 00 00
14c0: 00 00 00 00 00 00 00 00 00 00 00 00 00 00 00 00
14d0: 03 00 05 00 06 00 08 00 0b 00 0c 00 0e 00 11 00
14e0: 12 00 14 00 17 00 18 00 19 00 1d 00 1e 40 0f 60
14f0: 0e 80 0d a0 0c 60 11 e0 0f 60 0e e0 0c 00 00 00
1500: 00 00 00 00 00 00 00 00 00 00 00 00 00 00 00 00
1510: 03 00 05 00 06 00 08 00 0b 00 0c 00 0e 00 11 00
1520: 12 00 14 00 17 00 18 00 19 00 1d 00 1e c0 20 e0
1530: 1f 00 1f 20 1e e0 22 60 21 e0 1f 60 1e 00 00 00
1540: 00 00 00 00 00 00 00 00 00 00 00 00 00 00 00 00
1550: 03 00 05 00 06 00 08 00 0b 00 0c 00 0e 00 11 00
1560: 12 00 14 00 17 00 18 00 19 00 1d 00 1e c0 1b e0
1570: 1a 00 1a 20 19 e0 1d 60 1c e0 1a 60 19 00 00 00
1580: 00 00 00 00 00 00 00 00 00 00 00 00 00 00 00 00
1590: 03 00 05 00 06 00 08 00 0b 00 0c 00 0e 00 11 00
15a0: 12 00 14 00 17 00 18 00 19 00 1d 00 1e c0 25 e0
15b0: 24 00 24 20 23 e0 27 60 26 e0 24 60 23 00 00 00
15c0: 00 00 00 00 00 00 00 00 00 00 00 00 00 00 00 00
15d0: 03 00 05 00 06 00 08 00 0b 00 0c 00 0e 00 11 00
15e0: 12 00 14 00 17 00 18 00 19 00 1d 00 1e c0 2a e0
15f0: 29 00 29 20 28 e0 2c 60 2b e0 29 60 28 00 00 00
1600: 00 00 00 00 00 00 00 00 00 00 00 00 00 00 00 00
1610: 02 00 04 00 05 00 07 00 08 00 09 00 0b 00 0d 00
1620: 0e 00 0f 00 10 00 12 00 14 00 15 00 16 f0 12 80
1630: 12 10 12 a0 11 00 14 40 13 80 12 c0 11 00 00 00
1640: 00 00 00 00 00 00 00 00 00 00 00 00 00 00 00 00
1650: 02 00 04 00 05 00 07 00 08 00 09 00 0b 00 0d 00
1660: 0e 00 0f 00 10 00 12 00 14 00 15 00 16 b0 16 40
1670: 16 d0 15 60 15 c0 17 00 17 40 16 80 15 00 00 00
1680: 00 00 00 00 00 00 00 00 00 00 00 00 00 00 00 00
1690: 02 00 04 00 05 00 07 00 08 00 09 00 0b 00 0d 00
16a0: 0e 00 0f 00 10 00 12 00 14 00 15 00 16 70 10 00
16b0: 10 90 0f 20 0f 80 11 c0 10 00 10 40 0f 00 00 00
16c0: 00 00 00 00 00 00 00 00 00 00 00 00 00 00 00 00
16d0: 02 00 04 00 05 00 07 00 08 00 09 00 0b 00 0d 00
16e0: 0e 00 0f 00 10 00 12 00 14 00 15 00 16 f0 0d 80
16f0: 0d 10 0d a0 0c 00 0f 40 0e 80 0d c0 0c 00 00 00
1700: 00 00 00 00 00 00 00 00 00 00 00 00 00 00 00 00
1710: 02 00 04 00 05 00 07 00 08 00 09 00 0b 00 0d 00
1720: 0e 00 0f 00 10 00 12 00 14 00 15 00 16 70 1f 00
1730: 1f 90 1e 20 1e 80 20 c0 1f 00 1f 40 1e 00 00 00
1740: 00 00 00 00 00 00 00 00 00 00 00 00 00 00 00 00
1750: 02 00 04 00 05 00 07 00 08 00 09 00 0b 00 0d 00
1760: 0e 00 0f 00 10 00 12 00 14 00 15 00 16 70 1a 00
1770: 1a 90 19 20 19 80 1b c0 1a 00 1a 40 19 00 00 00
1780: 00 00 00 00 00 00 00 00 00 00 00 00 00 00 00 00
1790: 02 00 04 00 05 00 07 00 08 00 09 00 0b 00 0d 00
17a0: 0e 00 0f 00 10 00 12 00 14 00 15 00 16 70 24 00
17b0: 24 90 23 20 23 80 25 c0 24 00 24 40 23 00 00 00
17c0: 00 00 00 00 00 00 00 00 00 00 00 00 00 00 00 00
17d0: 02 00 04 00 05 00 07 00 08 00 09 00 0b 00 0d 00
17e0: 0e 00 0f 00 10 00 12 00 14 00 15 00 16 70 29 00
17f0: 29 90 28 20 28 80 2a c0 29 00 29 40 28 00 00 00
1800: 00 00 00 00 00 00 00 00 00 00 00 00 00 00 00 00
1810: 0f 00 10 00 11 00 14 00 15 00 19 00 1c 00 20 00
1820: 24 00 28 00 2c 00 2f 00 34 00 3b 00 3f 80 19 e0
1830: 16 40 14 a0 11 e0 1f 60 1b e0 16 60 12 00 00 00
1840: 00 00 00 00 00 00 00 00 00 00 00 00 00 00 00 00
1850: 0f 00 10 00 11 00 14 00 15 00 19 00 1c 00 20 00
1860: 24 00 28 00 2c 00 2f 00 34 00 3b 00 3f 40 1d a0
1870: 1a 00 18 60 15 a0 23 20 1f a0 1a 20 16 00 00 00
1880: 00 00 00 00 00 00 00 00 00 00 00 00 00 00 00 00
1890: 0f 00 10 00 11 00 14 00 15 00 19 00 1c 00 20 00
18a0: 24 00 28 00 2c 00 2f 00 34 00 3b 00 3f 00 17 60
18b0: 14 c0 11 20 0f 60 1d e0 18 60 14 e0 0f 00 00 00
18c0: 00 00 00 00 00 00 00 00 00 00 00 00 00 00 00 00
18d0: 0f 00 10 00 11 00 14 00 15 00 19 00 1c 00 20 00
18e0: 24 00 28 00 2c 00 2f 00 34 00 3b 00 3f 80 14 e0
18f0: 11 40 0f a0 0c e0 1a 60 16 e0 11 60 0d 00 00 00
1900: 00 00 00 00 00 00 00 00 00 00 00 00 00 00 00 00
1910: 0f 00 10 00 11 00 14 00 15 00 19 00 1c 00 20 00
1920: 24 00 28 00 2c 00 2f 00 34 00 3b 00 3f 00 26 60
1930: 23 c0 20 20 1e 60 2c e0 27 60 23 e0 1e 00 00 00
1940: 00 00 00 00 00 00 00 00 00 00 00 00 00 00 00 00
1950: 0f 00 10 00 11 00 14 00 15 00 19 00 1c 00 20 00
1960: 24 00 28 00 2c 00 2f 00 34 00 3b 00 3f 00 21 60
1970: 1e c0 1b 20 19 60 27 e0 22 60 1e e0 19 00 00 00
1980: 00 00 00 00 00 00 00 00 00 00 00 00 00 00 00 00
1990: 0f 00 10 00 11 00 14 00 15 00 19 00 1c 00 20 00
19a0: 24 00 28 00 2c 00 2f 00 34 00 3b 00 3f 00 2b 60
19b0: 28 c0 25 20 23 60 31 e0 2c 60 28 e0 23 00 00 00
19c0: 00 00 00 00 00 00 00 00 00 00 00 00 00 00 00 00
19d0: 0f 00 10 00 11 00 14 00 15 00 19 00 1c 00 20 00
19e0: 24 00 28 00 2c 00 2f 00 34 00 3b 00 3f 00 30 60
19f0: 2d c0 2a 20 28 60 36 e0 31 60 2d e0 28 00 00 00
1a00: 00 00 00 00 00 00 00 00 00 00 00 00 00 00 00 00
1a10: 0b 00 0e 00 0f 00 11 00 14 00 17 00 1b 00 1d 00
1a20: 20 00 24 00 28 00 2a 00 2e 00 32 00 37 30 18 00
1a30: 16 d0 13 a0 11 80 1d c0 19 00 16 40 12 00 00 00
1a40: 00 00 00 00 00 00 00 00 00 00 00 00 00 00 00 00
1a50: 0b 00 0e 00 0f 00 11 00 14 00 17 00 1b 00 1d 00
1a60: 20 00 24 00 28 00 2a 00 2e 00 32 00 37 f0 1b c0
1a70: 19 90 17 60 15 40 21 80 1d c0 19 00 16 00 00 00
1a80: 00 00 00 00 00 00 00 00 00 00 00 00 00 00 00 00
1a90: 0b 00 0e 00 0f 00 11 00 14 00 17 00 1b 00 1d 00
1aa0: 20 00 24 00 28 00 2a 00 2e 00 32 00 37 b0 15 80
1ab0: 13 50 11 20 0f 00 1b 40 17 80 13 c0 0f 00 00 00
1ac0: 00 00 00 00 00 00 00 00 00 00 00 00 00 00 00 00
1ad0: 0b 00 0e 00 0f 00 11 00 14 00 17 00 1b 00 1d 00
1ae0: 20 00 24 00 28 00 2a 00 2e 00 32 00 37 30 13 00
1af0: 11 d0 0e a0 0c 80 18 c0 14 00 11 40 0d 00 00 00
1b00: 00 00 00 00 00 00 00 00 00 00 00 00 00 00 00 00
1b10: 0b 00 0e 00 0f 00 11 00 14 00 17 00 1b 00 1d 00
1b20: 20 00 24 00 28 00 2a 00 2e 00 32 00 37 b0 24 80
1b30: 22 50 20 20 1e 00 2a 40 26 80 22 c0 1e 00 00 00
1b40: 00 00 00 00 00 00 00 00 00 00 00 00 00 00 00 00
1b50: 0b 00 0e 00 0f 00 11 00 14 00 17 00 1b 00 1d 00
1b60: 20 00 24 00 28 00 2a 00 2e 00 32 00 37 b0 1f 80
1b70: 1d 50 1b 20 19 00 25 40 21 80 1d c0 19 00 00 00
1b80: 00 00 00 00 00 00 00 00 00 00 00 00 00 00 00 00
1b90: 0b 00 0e 00 0f 00 11 00 14 00 17 00 1b 00 1d 00
1ba0: 20 00 24 00 28 00 2a 00 2e 00 32 00 37 b0 29 80
1bb0: 27 50 25 20 23 00 2f 40 2b 80 27 c0 23 00 00 00
1bc0: 00 00 00 00 00 00 00 00 00 00 00 00 00 00 00 00
1bd0: 0b 00 0e 00 0f 00 11 00 14 00 17 00 1b 00 1d 00
1be0: 20 00 24 00 28 00 2a 00 2e 00 32 00 37 b0 2e 80
1bf0: 2c 50 2a 20 28 00 34 40 30 80 2c c0 28 00 00 00
1c00: 00 00 00 00 00 00 00 00 00 00 00 00 00 00 00 00
1c10: 14 00 16 00 19 00 1c 00 20 00 22 00 25 00 2a 00
1c20: 2d 00 2f 00 31 00 35 00 37 00 3b 00 3f d0 1a c0
1c30: 17 b0 14 a0 11 40 22 00 1d c0 17 80 12 00 00 00
1c40: 00 00 00 00 00 00 00 00 00 00 00 00 00 00 00 00
1c50: 14 00 16 00 19 00 1c 00 20 00 22 00 25 00 2a 00
1c60: 2d 00 2f 00 31 00 35 00 37 00 3b 00 3f 90 1e 80
1c70: 1b 70 18 60 15 00 26 c0 20 80 1b 40 16 00 00 00
1c80: 00 00 00 00 00 00 00 00 00 00 00 00 00 00 00 00
1c90: 14 00 16 00 19 00 1c 00 20 00 22 00 25 00 2a 00
1ca0: 2d 00 2f 00 31 00 35 00 37 00 3b 00 3f 50 18 40
1cb0: 15 30 12 20 0f c0 1f 80 1a 40 15 00 10 00 00 00
1cc0: 00 00 00 00 00 00 00 00 00 00 00 00 00 00 00 00
1cd0: 14 00 16 00 19 00 1c 00 20 00 22 00 25 00 2a 00
1ce0: 2d 00 2f 00 31 00 35 00 37 00 3b 00 3f d0 15 c0
1cf0: 12 b0 0f a0 0c 40 1d 00 18 c0 12 80 0d 00 00 00
1d00: 00 00 00 00 00 00 00 00 00 00 00 00 00 00 00 00
1d10: 14 00 16 00 19 00 1c 00 20 00 22 00 25 00 2a 00
1d20: 2d 00 2f 00 31 00 35 00 37 00 3b 00 3f 50 27 40
1d30: 24 30 21 20 1e c0 2e 80 29 40 24 00 1f 00 00 00
1d40: 00 00 00 00 00 00 00 00 00 00 00 00 00 00 00 00
1d50: 14 00 16 00 19 00 1c 00 20 00 22 00 25 00 2a 00
1d60: 2d 00 2f 00 31 00 35 00 37 00 3b 00 3f 50 22 40
1d70: 1f 30 1c 20 19 c0 29 80 24 40 1f 00 1a 00 00 00
1d80: 00 00 00 00 00 00 00 00 00 00 00 00 00 00 00 00
1d90: 14 00 16 00 19 00 1c 00 20 00 22 00 25 00 2a 00
1da0: 2d 00 2f 00 31 00 35 00 37 00 3b 00 3f 50 2c 40
1db0: 29 30 26 20 23 c0 33 80 2e 40 29 00 24 00 00 00
1dc0: 00 00 00 00 00 00 00 00 00 00 00 00 00 00 00 00
1dd0: 14 00 16 00 19 00 1c 00 20 00 22 00 25 00 2a 00
1de0: 2d 00 2f 00 31 00 35 00 37 00 3b 00 3f 50 31 40
1df0: 2e 30 2b 20 28 c0 38 80 33 40 2e 00 29 00 00 00
1e00: 00 00 00 00 00 00 00 00 00 00 00 00 00 00 00 00
1e10: 19 00 1d 00 1f 00 21 00 25 00 29 00 2b 00 30 00
1e20: 32 00 34 00 37 00 38 00 3a 00 3d 00 3f 20 1c a0
1e30: 18 20 15 a0 11 a0 24 a0 1e a0 18 a0 12 00 00 00
1e40: 00 00 00 00 00 00 00 00 00 00 00 00 00 00 00 00
1e50: 19 00 1d 00 1f 00 21 00 25 00 29 00 2b 00 30 00
1e60: 32 00 34 00 37 00 38 00 3a 00 3d 00 3f e0 1f 60
1e70: 1c e0 18 60 15 60 28 60 22 60 1c 60 16 00 00 00
1e80: 00 00 00 00 00 00 00 00 00 00 00 00 00 00 00 00
1e90: 19 00 1d 00 1f 00 21 00 25 00 29 00 2b 00 30 00
1ea0: 32 00 34 00 37 00 38 00 3a 00 3d 00 3f a0 19 20
1eb0: 16 a0 12 20 0f 20 22 20 1c 20 16 20 10 00 00 00
1ec0: 00 00 00 00 00 00 00 00 00 00 00 00 00 00 00 00
1ed0: 19 00 1d 00 1f 00 21 00 25 00 29 00 2b 00 30 00
1ee0: 32 00 34 00 37 00 38 00 3a 00 3d 00 3f 20 17 a0
1ef0: 13 20 10 a0 0c a0 1f a0 19 a0 13 a0 0d 00 00 00
1f00: 00 00 00 00 00 00 00 00 00 00 00 00 00 00 00 00
1f10: 19 00 1d 00 1f 00 21 00 25 00 29 00 2b 00 30 00
1f20: 32 00 34 00 37 00 38 00 3a 00 3d 00 3f a0 28 20
1f30: 25 a0 21 20 1e 20 31 20 2b 20 25 20 1f 00 00 00
1f40: 00 00 00 00 00 00 00 00 00 00 00 00 00 00 00 00
1f50: 19 00 1d 00 1f 00 21 00 25 00 29 00 2b 00 30 00
1f60: 32 00 34 00 37 00 38 00 3a 00 3d 00 3f a0 23 20
1f70: 20 a0 1c 20 19 20 2c 20 26 20 20 20 1a 00 00 00
1f80: 00 00 00 00 00 00 00 00 00 00 00 00 00 00 00 00
1f90: 19 00 1d 00 1f 00 21 00 25 00 29 00 2b 00 30 00
1fa0: 32 00 34 00 37 00 38 00 3a 00 3d 00 3f a0 2d 20
1fb0: 2a a0 26 20 23 20 36 20 30 20 2a 20 24 00 00 00
1fc0: 00 00 00 00 00 00 00 00 00 00 00 00 00 00 00 00
1fd0: 19 00 1d 00 1f 00 21 00 25 00 29 00 2b 00 30 00
1fe0: 32 00 34 00 37 00 38 00 3a 00 3d 00 3f a0 32 20
1ff0: 2f a0 2b 20 28 20 3b 20 35 20 2f 20 29 00 00 00
